START GENERATION 1

GENERATE NEW POPULATION

Genes of individual 1 : [-1.0351, -1.2356, 0.3107, -1.1408, -1.293, 0.0405, -0.4484, -0.6184, -0.7054, 0.2459, -0.7881, -0.0796, -1.1988, 1.5964, -0.4204, 1.3223, 1.5606, 1.1811, -0.7388, 1.3679, 0.5916, 0.7396, 1.2458, 0.5375, 0.4365, 2.0947, 1.5856, -1.4388, -0.6244, -0.4175, 1.9442, -0.2557, 0.803, 0.3371, 0.754, 1.3461, 1.9008, -1.3463, -1.7625, -1.479, 1.4455, 2.2744, 2.0429, -1.0395, -0.5939, 0.6215, 2.1721, 1.5943, -1.2057, -0.7579]
Genes of individual 2 : [-1.9197, -1.9478, 1.6338, -0.3908, 1.7788, 1.4452, 0.6925, 0.0621, 1.8613, 0.2899, 1.2911, -0.1297, 1.0623, 0.0315, -1.4021, 1.0414, 2.1827, -0.8211, -1.8029, 0.4074, -0.9573, -0.4152, 1.9276, 0.8334, 0.621, 1.2573, 1.393, 1.0804, 0.9547, 2.1296, 2.2459, -0.7653, -0.2353, 2.0839, 1.4423, 1.1455, 1.3955, -1.9792, 0.6317, 0.0358, 2.2943, -1.891, 1.5145, -0.0154, 0.5921, 0.1195, -0.3919, 1.0704, 1.1884, -1.9301]
Genes of individual 3 : [1.9322, -1.4627, -0.4481, 0.6558, -1.0258, -1.8125, -1.1225, 1.6835, -1.6439, 0.9529, 0.111, -1.4716, -1.7565, -1.1033, -0.1177, 1.1294, 1.8256, 0.4967, 0.8052, -1.709, 1.0233, 2.2604, 2.0109, 0.3864, 0.1615, 2.0236, -1.5766, 2.254, -1.099, 2.0137, -1.1599, 1.4478, 1.7266, 2.1778, -0.836, -1.5645, 2.2512, -0.9011, -1.5443, 2.1029, 1.8352, -0.3372, -0.3513, 2.1987, -0.4899, -0.39, 1.7449, 0.5135, 0.8069, 2.1973]
Genes of individual 4 : [-1.1104, 1.8417, -0.927, -1.4533, 2.0511, 0.1289, -0.4476, 1.229, 1.2041, 0.1026, 2.2292, 0.0838, 1.2835, 0.9419, 1.0775, 0.9385, 0.6421, 1.8061, 1.4756, 0.823, -1.2728, -0.8191, -1.244, 1.8558, -0.4011, 1.6396, -0.9712, -0.3102, 0.059, -0.5614, 1.5849, -0.8306, 1.0948, 1.2148, -0.2932, -1.7201, 1.3849, -0.7818, -1.5766, 1.2183, -0.6157, -1.0243, -0.5004, -0.6225, 2.2379, 1.3557, -1.2663, -0.3706, 1.8321, 1.3456]
Genes of individual 5 : [0.2829, 0.4734, 0.7522, -1.9603, 0.6679, -0.1879, 1.8946, -0.3787, -1.6287, 1.7853, -0.6485, -1.7978, 0.96, -0.1404, -1.0985, -0.2036, -1.8374, -1.1306, 1.2093, -0.4131, 2.2912, 0.908, -0.1872, -0.6555, 0.2525, -0.9998, 0.2889, 2.2865, -1.9402, -1.9208, 1.7024, -1.7353, 1.6319, -0.4528, 1.6913, -0.1043, 2.2934, 1.2235, 0.7591, -0.3005, 0.2324, -1.788, -1.7167, -1.9788, -0.561, 1.9493, 2.0002, 1.7081, 0.2272, -1.1419]

TEST POPULATION AT GENERATION 1

Genes of individual 1 : [-1.0351, -1.2356, 0.3107, -1.1408, -1.293, 0.0405, -0.4484, -0.6184, -0.7054, 0.2459, -0.7881, -0.0796, -1.1988, 1.5964, -0.4204, 1.3223, 1.5606, 1.1811, -0.7388, 1.3679, 0.5916, 0.7396, 1.2458, 0.5375, 0.4365, 2.0947, 1.5856, -1.4388, -0.6244, -0.4175, 1.9442, -0.2557, 0.803, 0.3371, 0.754, 1.3461, 1.9008, -1.3463, -1.7625, -1.479, 1.4455, 2.2744, 2.0429, -1.0395, -0.5939, 0.6215, 2.1721, 1.5943, -1.2057, -0.7579]
Score for individual 1 : 35
Genes of individual 2 : [-1.9197, -1.9478, 1.6338, -0.3908, 1.7788, 1.4452, 0.6925, 0.0621, 1.8613, 0.2899, 1.2911, -0.1297, 1.0623, 0.0315, -1.4021, 1.0414, 2.1827, -0.8211, -1.8029, 0.4074, -0.9573, -0.4152, 1.9276, 0.8334, 0.621, 1.2573, 1.393, 1.0804, 0.9547, 2.1296, 2.2459, -0.7653, -0.2353, 2.0839, 1.4423, 1.1455, 1.3955, -1.9792, 0.6317, 0.0358, 2.2943, -1.891, 1.5145, -0.0154, 0.5921, 0.1195, -0.3919, 1.0704, 1.1884, -1.9301]
Score for individual 2 : 33
Genes of individual 3 : [1.9322, -1.4627, -0.4481, 0.6558, -1.0258, -1.8125, -1.1225, 1.6835, -1.6439, 0.9529, 0.111, -1.4716, -1.7565, -1.1033, -0.1177, 1.1294, 1.8256, 0.4967, 0.8052, -1.709, 1.0233, 2.2604, 2.0109, 0.3864, 0.1615, 2.0236, -1.5766, 2.254, -1.099, 2.0137, -1.1599, 1.4478, 1.7266, 2.1778, -0.836, -1.5645, 2.2512, -0.9011, -1.5443, 2.1029, 1.8352, -0.3372, -0.3513, 2.1987, -0.4899, -0.39, 1.7449, 0.5135, 0.8069, 2.1973]
Score for individual 3 : -7
Genes of individual 4 : [-1.1104, 1.8417, -0.927, -1.4533, 2.0511, 0.1289, -0.4476, 1.229, 1.2041, 0.1026, 2.2292, 0.0838, 1.2835, 0.9419, 1.0775, 0.9385, 0.6421, 1.8061, 1.4756, 0.823, -1.2728, -0.8191, -1.244, 1.8558, -0.4011, 1.6396, -0.9712, -0.3102, 0.059, -0.5614, 1.5849, -0.8306, 1.0948, 1.2148, -0.2932, -1.7201, 1.3849, -0.7818, -1.5766, 1.2183, -0.6157, -1.0243, -0.5004, -0.6225, 2.2379, 1.3557, -1.2663, -0.3706, 1.8321, 1.3456]
Score for individual 4 : -25
Genes of individual 5 : [0.2829, 0.4734, 0.7522, -1.9603, 0.6679, -0.1879, 1.8946, -0.3787, -1.6287, 1.7853, -0.6485, -1.7978, 0.96, -0.1404, -1.0985, -0.2036, -1.8374, -1.1306, 1.2093, -0.4131, 2.2912, 0.908, -0.1872, -0.6555, 0.2525, -0.9998, 0.2889, 2.2865, -1.9402, -1.9208, 1.7024, -1.7353, 1.6319, -0.4528, 1.6913, -0.1043, 2.2934, 1.2235, 0.7591, -0.3005, 0.2324, -1.788, -1.7167, -1.9788, -0.561, 1.9493, 2.0002, 1.7081, 0.2272, -1.1419]
Score for individual 5 : -25

SELECTION
Selected parents at indexes: [0, 0]
PARENTS BEFORE CROSSOVER
Parents 1 [-1.0351, -1.2356, 0.3107, -1.1408, -1.293, 0.0405, -0.4484, -0.6184, -0.7054, 0.2459, -0.7881, -0.0796, -1.1988, 1.5964, -0.4204, 1.3223, 1.5606, 1.1811, -0.7388, 1.3679, 0.5916, 0.7396, 1.2458, 0.5375, 0.4365, 2.0947, 1.5856, -1.4388, -0.6244, -0.4175, 1.9442, -0.2557, 0.803, 0.3371, 0.754, 1.3461, 1.9008, -1.3463, -1.7625, -1.479, 1.4455, 2.2744, 2.0429, -1.0395, -0.5939, 0.6215, 2.1721, 1.5943, -1.2057, -0.7579]
Parents 2 [-1.0351, -1.2356, 0.3107, -1.1408, -1.293, 0.0405, -0.4484, -0.6184, -0.7054, 0.2459, -0.7881, -0.0796, -1.1988, 1.5964, -0.4204, 1.3223, 1.5606, 1.1811, -0.7388, 1.3679, 0.5916, 0.7396, 1.2458, 0.5375, 0.4365, 2.0947, 1.5856, -1.4388, -0.6244, -0.4175, 1.9442, -0.2557, 0.803, 0.3371, 0.754, 1.3461, 1.9008, -1.3463, -1.7625, -1.479, 1.4455, 2.2744, 2.0429, -1.0395, -0.5939, 0.6215, 2.1721, 1.5943, -1.2057, -0.7579]
Before crossover
Parent 1: [-1.0351, -1.2356, 0.3107, -1.1408, -1.293, 0.0405, -0.4484, -0.6184, -0.7054, 0.2459, -0.7881, -0.0796, -1.1988, 1.5964, -0.4204, 1.3223, 1.5606, 1.1811, -0.7388, 1.3679, 0.5916, 0.7396, 1.2458, 0.5375, 0.4365, 2.0947, 1.5856, -1.4388, -0.6244, -0.4175, 1.9442, -0.2557, 0.803, 0.3371, 0.754, 1.3461, 1.9008, -1.3463, -1.7625, -1.479, 1.4455, 2.2744, 2.0429, -1.0395, -0.5939, 0.6215, 2.1721, 1.5943, -1.2057, -0.7579]
Parent 2: [-1.0351, -1.2356, 0.3107, -1.1408, -1.293, 0.0405, -0.4484, -0.6184, -0.7054, 0.2459, -0.7881, -0.0796, -1.1988, 1.5964, -0.4204, 1.3223, 1.5606, 1.1811, -0.7388, 1.3679, 0.5916, 0.7396, 1.2458, 0.5375, 0.4365, 2.0947, 1.5856, -1.4388, -0.6244, -0.4175, 1.9442, -0.2557, 0.803, 0.3371, 0.754, 1.3461, 1.9008, -1.3463, -1.7625, -1.479, 1.4455, 2.2744, 2.0429, -1.0395, -0.5939, 0.6215, 2.1721, 1.5943, -1.2057, -0.7579]
Random roll: 20
After mutation
Parent1: [-1.0351, -1.2356, 0.3107, -1.1408, -1.293, 0.0405, -0.4484, -0.6184, -0.7054, 0.2459, -0.7881, -0.0796, -1.1988, 1.5964, -0.4204, 1.3223, 1.5606, 1.1811, -0.7388, 1.3679, 2.0719, 0.7396, 1.2458, 0.5375, 0.4365, 2.0947, 1.5856, -1.4388, -0.6244, -0.4175, 1.9442, -0.2557, 0.803, 0.3371, 0.754, 1.3461, 1.9008, -1.3463, -1.7625, -1.479, 1.4455, 2.2744, 2.0429, -1.0395, -0.5939, 0.6215, 2.1721, 1.5943, -1.2057, -0.7579]
Random roll: 37
After mutation
Parent2: [-1.0351, -1.2356, 0.3107, -1.1408, -1.293, 0.0405, -0.4484, -0.6184, -0.7054, 0.2459, -0.7881, -0.0796, -1.1988, 1.5964, -0.4204, 1.3223, 1.5606, 1.1811, -0.7388, 1.3679, 2.0719, 0.7396, 1.2458, 0.5375, 0.4365, 2.0947, 1.5856, -1.4388, -0.6244, -0.4175, 1.9442, -0.2557, 0.803, 0.3371, 0.754, 1.3461, 1.9008, 0.7508, -1.7625, -1.479, 1.4455, 2.2744, 2.0429, -1.0395, -0.5939, 0.6215, 2.1721, 1.5943, -1.2057, -0.7579]
RESULT OF GENERATION 1

Genes of individual 1 : [-1.0351, -1.2356, 0.3107, -1.1408, -1.293, 0.0405, -0.4484, -0.6184, -0.7054, 0.2459, -0.7881, -0.0796, -1.1988, 1.5964, -0.4204, 1.3223, 1.5606, 1.1811, -0.7388, 1.3679, 2.0719, 0.7396, 1.2458, 0.5375, 0.4365, 2.0947, 1.5856, -1.4388, -0.6244, -0.4175, 1.9442, -0.2557, 0.803, 0.3371, 0.754, 1.3461, 1.9008, 0.7508, -1.7625, -1.479, 1.4455, 2.2744, 2.0429, -1.0395, -0.5939, 0.6215, 2.1721, 1.5943, -1.2057, -0.7579]
Score for individual 1 : 35
Genes of individual 2 : [-1.9197, -1.9478, 1.6338, -0.3908, 1.7788, 1.4452, 0.6925, 0.0621, 1.8613, 0.2899, 1.2911, -0.1297, 1.0623, 0.0315, -1.4021, 1.0414, 2.1827, -0.8211, -1.8029, 0.4074, -0.9573, -0.4152, 1.9276, 0.8334, 0.621, 1.2573, 1.393, 1.0804, 0.9547, 2.1296, 2.2459, -0.7653, -0.2353, 2.0839, 1.4423, 1.1455, 1.3955, -1.9792, 0.6317, 0.0358, 2.2943, -1.891, 1.5145, -0.0154, 0.5921, 0.1195, -0.3919, 1.0704, 1.1884, -1.9301]
Score for individual 2 : 33
Genes of individual 3 : [1.9322, -1.4627, -0.4481, 0.6558, -1.0258, -1.8125, -1.1225, 1.6835, -1.6439, 0.9529, 0.111, -1.4716, -1.7565, -1.1033, -0.1177, 1.1294, 1.8256, 0.4967, 0.8052, -1.709, 1.0233, 2.2604, 2.0109, 0.3864, 0.1615, 2.0236, -1.5766, 2.254, -1.099, 2.0137, -1.1599, 1.4478, 1.7266, 2.1778, -0.836, -1.5645, 2.2512, -0.9011, -1.5443, 2.1029, 1.8352, -0.3372, -0.3513, 2.1987, -0.4899, -0.39, 1.7449, 0.5135, 0.8069, 2.1973]
Score for individual 3 : -7
Genes of individual 4 : [-1.1104, 1.8417, -0.927, -1.4533, 2.0511, 0.1289, -0.4476, 1.229, 1.2041, 0.1026, 2.2292, 0.0838, 1.2835, 0.9419, 1.0775, 0.9385, 0.6421, 1.8061, 1.4756, 0.823, -1.2728, -0.8191, -1.244, 1.8558, -0.4011, 1.6396, -0.9712, -0.3102, 0.059, -0.5614, 1.5849, -0.8306, 1.0948, 1.2148, -0.2932, -1.7201, 1.3849, -0.7818, -1.5766, 1.2183, -0.6157, -1.0243, -0.5004, -0.6225, 2.2379, 1.3557, -1.2663, -0.3706, 1.8321, 1.3456]
Score for individual 4 : -25
Genes of individual 5 : [0.2829, 0.4734, 0.7522, -1.9603, 0.6679, -0.1879, 1.8946, -0.3787, -1.6287, 1.7853, -0.6485, -1.7978, 0.96, -0.1404, -1.0985, -0.2036, -1.8374, -1.1306, 1.2093, -0.4131, 2.2912, 0.908, -0.1872, -0.6555, 0.2525, -0.9998, 0.2889, 2.2865, -1.9402, -1.9208, 1.7024, -1.7353, 1.6319, -0.4528, 1.6913, -0.1043, 2.2934, 1.2235, 0.7591, -0.3005, 0.2324, -1.788, -1.7167, -1.9788, -0.561, 1.9493, 2.0002, 1.7081, 0.2272, -1.1419]
Score for individual 5 : -25

START GENERATION 2

Genes of individual 1 : [-1.0351, -1.2356, 0.3107, -1.1408, -1.293, 0.0405, -0.4484, -0.6184, -0.7054, 0.2459, -0.7881, -0.0796, -1.1988, 1.5964, -0.4204, 1.3223, 1.5606, 1.1811, -0.7388, 1.3679, 2.0719, 0.7396, 1.2458, 0.5375, 0.4365, 2.0947, 1.5856, -1.4388, -0.6244, -0.4175, 1.9442, -0.2557, 0.803, 0.3371, 0.754, 1.3461, 1.9008, 0.7508, -1.7625, -1.479, 1.4455, 2.2744, 2.0429, -1.0395, -0.5939, 0.6215, 2.1721, 1.5943, -1.2057, -0.7579]
Score for individual 1 : 35
Genes of individual 2 : [-1.9197, -1.9478, 1.6338, -0.3908, 1.7788, 1.4452, 0.6925, 0.0621, 1.8613, 0.2899, 1.2911, -0.1297, 1.0623, 0.0315, -1.4021, 1.0414, 2.1827, -0.8211, -1.8029, 0.4074, -0.9573, -0.4152, 1.9276, 0.8334, 0.621, 1.2573, 1.393, 1.0804, 0.9547, 2.1296, 2.2459, -0.7653, -0.2353, 2.0839, 1.4423, 1.1455, 1.3955, -1.9792, 0.6317, 0.0358, 2.2943, -1.891, 1.5145, -0.0154, 0.5921, 0.1195, -0.3919, 1.0704, 1.1884, -1.9301]
Score for individual 2 : 33
Genes of individual 3 : [1.9322, -1.4627, -0.4481, 0.6558, -1.0258, -1.8125, -1.1225, 1.6835, -1.6439, 0.9529, 0.111, -1.4716, -1.7565, -1.1033, -0.1177, 1.1294, 1.8256, 0.4967, 0.8052, -1.709, 1.0233, 2.2604, 2.0109, 0.3864, 0.1615, 2.0236, -1.5766, 2.254, -1.099, 2.0137, -1.1599, 1.4478, 1.7266, 2.1778, -0.836, -1.5645, 2.2512, -0.9011, -1.5443, 2.1029, 1.8352, -0.3372, -0.3513, 2.1987, -0.4899, -0.39, 1.7449, 0.5135, 0.8069, 2.1973]
Score for individual 3 : -7
Genes of individual 4 : [-1.1104, 1.8417, -0.927, -1.4533, 2.0511, 0.1289, -0.4476, 1.229, 1.2041, 0.1026, 2.2292, 0.0838, 1.2835, 0.9419, 1.0775, 0.9385, 0.6421, 1.8061, 1.4756, 0.823, -1.2728, -0.8191, -1.244, 1.8558, -0.4011, 1.6396, -0.9712, -0.3102, 0.059, -0.5614, 1.5849, -0.8306, 1.0948, 1.2148, -0.2932, -1.7201, 1.3849, -0.7818, -1.5766, 1.2183, -0.6157, -1.0243, -0.5004, -0.6225, 2.2379, 1.3557, -1.2663, -0.3706, 1.8321, 1.3456]
Score for individual 4 : -25
Genes of individual 5 : [0.2829, 0.4734, 0.7522, -1.9603, 0.6679, -0.1879, 1.8946, -0.3787, -1.6287, 1.7853, -0.6485, -1.7978, 0.96, -0.1404, -1.0985, -0.2036, -1.8374, -1.1306, 1.2093, -0.4131, 2.2912, 0.908, -0.1872, -0.6555, 0.2525, -0.9998, 0.2889, 2.2865, -1.9402, -1.9208, 1.7024, -1.7353, 1.6319, -0.4528, 1.6913, -0.1043, 2.2934, 1.2235, 0.7591, -0.3005, 0.2324, -1.788, -1.7167, -1.9788, -0.561, 1.9493, 2.0002, 1.7081, 0.2272, -1.1419]
Score for individual 5 : -25

TEST POPULATION AT GENERATION 2

Genes of individual 1 : [-1.0351, -1.2356, 0.3107, -1.1408, -1.293, 0.0405, -0.4484, -0.6184, -0.7054, 0.2459, -0.7881, -0.0796, -1.1988, 1.5964, -0.4204, 1.3223, 1.5606, 1.1811, -0.7388, 1.3679, 2.0719, 0.7396, 1.2458, 0.5375, 0.4365, 2.0947, 1.5856, -1.4388, -0.6244, -0.4175, 1.9442, -0.2557, 0.803, 0.3371, 0.754, 1.3461, 1.9008, 0.7508, -1.7625, -1.479, 1.4455, 2.2744, 2.0429, -1.0395, -0.5939, 0.6215, 2.1721, 1.5943, -1.2057, -0.7579]
Score for individual 1 : -25
Genes of individual 2 : [-1.9197, -1.9478, 1.6338, -0.3908, 1.7788, 1.4452, 0.6925, 0.0621, 1.8613, 0.2899, 1.2911, -0.1297, 1.0623, 0.0315, -1.4021, 1.0414, 2.1827, -0.8211, -1.8029, 0.4074, -0.9573, -0.4152, 1.9276, 0.8334, 0.621, 1.2573, 1.393, 1.0804, 0.9547, 2.1296, 2.2459, -0.7653, -0.2353, 2.0839, 1.4423, 1.1455, 1.3955, -1.9792, 0.6317, 0.0358, 2.2943, -1.891, 1.5145, -0.0154, 0.5921, 0.1195, -0.3919, 1.0704, 1.1884, -1.9301]
Score for individual 2 : 33
Genes of individual 3 : [1.9322, -1.4627, -0.4481, 0.6558, -1.0258, -1.8125, -1.1225, 1.6835, -1.6439, 0.9529, 0.111, -1.4716, -1.7565, -1.1033, -0.1177, 1.1294, 1.8256, 0.4967, 0.8052, -1.709, 1.0233, 2.2604, 2.0109, 0.3864, 0.1615, 2.0236, -1.5766, 2.254, -1.099, 2.0137, -1.1599, 1.4478, 1.7266, 2.1778, -0.836, -1.5645, 2.2512, -0.9011, -1.5443, 2.1029, 1.8352, -0.3372, -0.3513, 2.1987, -0.4899, -0.39, 1.7449, 0.5135, 0.8069, 2.1973]
Score for individual 3 : -7
Genes of individual 4 : [-1.1104, 1.8417, -0.927, -1.4533, 2.0511, 0.1289, -0.4476, 1.229, 1.2041, 0.1026, 2.2292, 0.0838, 1.2835, 0.9419, 1.0775, 0.9385, 0.6421, 1.8061, 1.4756, 0.823, -1.2728, -0.8191, -1.244, 1.8558, -0.4011, 1.6396, -0.9712, -0.3102, 0.059, -0.5614, 1.5849, -0.8306, 1.0948, 1.2148, -0.2932, -1.7201, 1.3849, -0.7818, -1.5766, 1.2183, -0.6157, -1.0243, -0.5004, -0.6225, 2.2379, 1.3557, -1.2663, -0.3706, 1.8321, 1.3456]
Score for individual 4 : -25
Genes of individual 5 : [0.2829, 0.4734, 0.7522, -1.9603, 0.6679, -0.1879, 1.8946, -0.3787, -1.6287, 1.7853, -0.6485, -1.7978, 0.96, -0.1404, -1.0985, -0.2036, -1.8374, -1.1306, 1.2093, -0.4131, 2.2912, 0.908, -0.1872, -0.6555, 0.2525, -0.9998, 0.2889, 2.2865, -1.9402, -1.9208, 1.7024, -1.7353, 1.6319, -0.4528, 1.6913, -0.1043, 2.2934, 1.2235, 0.7591, -0.3005, 0.2324, -1.788, -1.7167, -1.9788, -0.561, 1.9493, 2.0002, 1.7081, 0.2272, -1.1419]
Score for individual 5 : -25

SELECTION
Selected parents at indexes: [1, 2]
PARENTS BEFORE CROSSOVER
Parents 1 [-1.9197, -1.9478, 1.6338, -0.3908, 1.7788, 1.4452, 0.6925, 0.0621, 1.8613, 0.2899, 1.2911, -0.1297, 1.0623, 0.0315, -1.4021, 1.0414, 2.1827, -0.8211, -1.8029, 0.4074, -0.9573, -0.4152, 1.9276, 0.8334, 0.621, 1.2573, 1.393, 1.0804, 0.9547, 2.1296, 2.2459, -0.7653, -0.2353, 2.0839, 1.4423, 1.1455, 1.3955, -1.9792, 0.6317, 0.0358, 2.2943, -1.891, 1.5145, -0.0154, 0.5921, 0.1195, -0.3919, 1.0704, 1.1884, -1.9301]
Parents 2 [1.9322, -1.4627, -0.4481, 0.6558, -1.0258, -1.8125, -1.1225, 1.6835, -1.6439, 0.9529, 0.111, -1.4716, -1.7565, -1.1033, -0.1177, 1.1294, 1.8256, 0.4967, 0.8052, -1.709, 1.0233, 2.2604, 2.0109, 0.3864, 0.1615, 2.0236, -1.5766, 2.254, -1.099, 2.0137, -1.1599, 1.4478, 1.7266, 2.1778, -0.836, -1.5645, 2.2512, -0.9011, -1.5443, 2.1029, 1.8352, -0.3372, -0.3513, 2.1987, -0.4899, -0.39, 1.7449, 0.5135, 0.8069, 2.1973]
Before crossover
Parent 1: [-1.9197, -1.9478, 1.6338, -0.3908, 1.7788, 1.4452, 0.6925, 0.0621, 1.8613, 0.2899, 1.2911, -0.1297, 1.0623, 0.0315, -1.4021, 1.0414, 2.1827, -0.8211, -1.8029, 0.4074, -0.9573, -0.4152, 1.9276, 0.8334, 0.621, 1.2573, 1.393, 1.0804, 0.9547, 2.1296, 2.2459, -0.7653, -0.2353, 2.0839, 1.4423, 1.1455, 1.3955, -1.9792, 0.6317, 0.0358, 2.2943, -1.891, 1.5145, -0.0154, 0.5921, 0.1195, -0.3919, 1.0704, 1.1884, -1.9301]
Parent 2: [1.9322, -1.4627, -0.4481, 0.6558, -1.0258, -1.8125, -1.1225, 1.6835, -1.6439, 0.9529, 0.111, -1.4716, -1.7565, -1.1033, -0.1177, 1.1294, 1.8256, 0.4967, 0.8052, -1.709, 1.0233, 2.2604, 2.0109, 0.3864, 0.1615, 2.0236, -1.5766, 2.254, -1.099, 2.0137, -1.1599, 1.4478, 1.7266, 2.1778, -0.836, -1.5645, 2.2512, -0.9011, -1.5443, 2.1029, 1.8352, -0.3372, -0.3513, 2.1987, -0.4899, -0.39, 1.7449, 0.5135, 0.8069, 2.1973]
Does single point
Random roll: 5
Before two point crossover
Parent 1: [-1.9197, -1.9478, 1.6338, -0.3908, 1.7788, -1.8125, -1.1225, 1.6835, -1.6439, 0.9529, 0.111, -1.4716, -1.7565, -1.1033, -0.1177, 1.1294, 1.8256, 0.4967, 0.8052, -1.709, 1.0233, 2.2604, 2.0109, 0.3864, 0.1615, 2.0236, -1.5766, 2.254, -1.099, 2.0137, -1.1599, 1.4478, 1.7266, 2.1778, -0.836, -1.5645, 2.2512, -0.9011, -1.5443, 2.1029, 1.8352, -0.3372, -0.3513, 2.1987, -0.4899, -0.39, 1.7449, 0.5135, 0.8069, 2.1973]
Parent 2: [1.9322, -1.4627, -0.4481, 0.6558, -1.0258, 1.4452, 0.6925, 0.0621, 1.8613, 0.2899, 1.2911, -0.1297, 1.0623, 0.0315, -1.4021, 1.0414, 2.1827, -0.8211, -1.8029, 0.4074, -0.9573, -0.4152, 1.9276, 0.8334, 0.621, 1.2573, 1.393, 1.0804, 0.9547, 2.1296, 2.2459, -0.7653, -0.2353, 2.0839, 1.4423, 1.1455, 1.3955, -1.9792, 0.6317, 0.0358, 2.2943, -1.891, 1.5145, -0.0154, 0.5921, 0.1195, -0.3919, 1.0704, 1.1884, -1.9301]
Random roll: 20
After mutation
Parent1: [-1.9197, -1.9478, 1.6338, -0.3908, 1.7788, -1.8125, -1.1225, 1.6835, -1.6439, 0.9529, 0.111, -1.4716, -1.7565, -1.1033, -0.1177, 1.1294, 1.8256, 0.4967, 0.8052, -1.709, 1.3398, 2.2604, 2.0109, 0.3864, 0.1615, 2.0236, -1.5766, 2.254, -1.099, 2.0137, -1.1599, 1.4478, 1.7266, 2.1778, -0.836, -1.5645, 2.2512, -0.9011, -1.5443, 2.1029, 1.8352, -0.3372, -0.3513, 2.1987, -0.4899, -0.39, 1.7449, 0.5135, 0.8069, 2.1973]
Random roll: 23
After mutation
Parent2: [1.9322, -1.4627, -0.4481, 0.6558, -1.0258, 1.4452, 0.6925, 0.0621, 1.8613, 0.2899, 1.2911, -0.1297, 1.0623, 0.0315, -1.4021, 1.0414, 2.1827, -0.8211, -1.8029, 0.4074, -0.9573, -0.4152, 1.9276, 0.6744, 0.621, 1.2573, 1.393, 1.0804, 0.9547, 2.1296, 2.2459, -0.7653, -0.2353, 2.0839, 1.4423, 1.1455, 1.3955, -1.9792, 0.6317, 0.0358, 2.2943, -1.891, 1.5145, -0.0154, 0.5921, 0.1195, -0.3919, 1.0704, 1.1884, -1.9301]
Replace parent 1 with individual 1
Individual to be replaced: [-1.0351, -1.2356, 0.3107, -1.1408, -1.293, 0.0405, -0.4484, -0.6184, -0.7054, 0.2459, -0.7881, -0.0796, -1.1988, 1.5964, -0.4204, 1.3223, 1.5606, 1.1811, -0.7388, 1.3679, 2.0719, 0.7396, 1.2458, 0.5375, 0.4365, 2.0947, 1.5856, -1.4388, -0.6244, -0.4175, 1.9442, -0.2557, 0.803, 0.3371, 0.754, 1.3461, 1.9008, 0.7508, -1.7625, -1.479, 1.4455, 2.2744, 2.0429, -1.0395, -0.5939, 0.6215, 2.1721, 1.5943, -1.2057, -0.7579]
Parent 1: [-1.9197, -1.9478, 1.6338, -0.3908, 1.7788, -1.8125, -1.1225, 1.6835, -1.6439, 0.9529, 0.111, -1.4716, -1.7565, -1.1033, -0.1177, 1.1294, 1.8256, 0.4967, 0.8052, -1.709, 1.3398, 2.2604, 2.0109, 0.3864, 0.1615, 2.0236, -1.5766, 2.254, -1.099, 2.0137, -1.1599, 1.4478, 1.7266, 2.1778, -0.836, -1.5645, 2.2512, -0.9011, -1.5443, 2.1029, 1.8352, -0.3372, -0.3513, 2.1987, -0.4899, -0.39, 1.7449, 0.5135, 0.8069, 2.1973]
New Individual: [-1.9197, -1.9478, 1.6338, -0.3908, 1.7788, -1.8125, -1.1225, 1.6835, -1.6439, 0.9529, 0.111, -1.4716, -1.7565, -1.1033, -0.1177, 1.1294, 1.8256, 0.4967, 0.8052, -1.709, 1.3398, 2.2604, 2.0109, 0.3864, 0.1615, 2.0236, -1.5766, 2.254, -1.099, 2.0137, -1.1599, 1.4478, 1.7266, 2.1778, -0.836, -1.5645, 2.2512, -0.9011, -1.5443, 2.1029, 1.8352, -0.3372, -0.3513, 2.1987, -0.4899, -0.39, 1.7449, 0.5135, 0.8069, 2.1973]
Replace parent 2 with individual 4
Individual to be replaced: [-1.1104, 1.8417, -0.927, -1.4533, 2.0511, 0.1289, -0.4476, 1.229, 1.2041, 0.1026, 2.2292, 0.0838, 1.2835, 0.9419, 1.0775, 0.9385, 0.6421, 1.8061, 1.4756, 0.823, -1.2728, -0.8191, -1.244, 1.8558, -0.4011, 1.6396, -0.9712, -0.3102, 0.059, -0.5614, 1.5849, -0.8306, 1.0948, 1.2148, -0.2932, -1.7201, 1.3849, -0.7818, -1.5766, 1.2183, -0.6157, -1.0243, -0.5004, -0.6225, 2.2379, 1.3557, -1.2663, -0.3706, 1.8321, 1.3456]
Parent 2 [1.9322, -1.4627, -0.4481, 0.6558, -1.0258, 1.4452, 0.6925, 0.0621, 1.8613, 0.2899, 1.2911, -0.1297, 1.0623, 0.0315, -1.4021, 1.0414, 2.1827, -0.8211, -1.8029, 0.4074, -0.9573, -0.4152, 1.9276, 0.6744, 0.621, 1.2573, 1.393, 1.0804, 0.9547, 2.1296, 2.2459, -0.7653, -0.2353, 2.0839, 1.4423, 1.1455, 1.3955, -1.9792, 0.6317, 0.0358, 2.2943, -1.891, 1.5145, -0.0154, 0.5921, 0.1195, -0.3919, 1.0704, 1.1884, -1.9301]
New Individual: [1.9322, -1.4627, -0.4481, 0.6558, -1.0258, 1.4452, 0.6925, 0.0621, 1.8613, 0.2899, 1.2911, -0.1297, 1.0623, 0.0315, -1.4021, 1.0414, 2.1827, -0.8211, -1.8029, 0.4074, -0.9573, -0.4152, 1.9276, 0.6744, 0.621, 1.2573, 1.393, 1.0804, 0.9547, 2.1296, 2.2459, -0.7653, -0.2353, 2.0839, 1.4423, 1.1455, 1.3955, -1.9792, 0.6317, 0.0358, 2.2943, -1.891, 1.5145, -0.0154, 0.5921, 0.1195, -0.3919, 1.0704, 1.1884, -1.9301]
RESULT OF GENERATION 2

Genes of individual 1 : [-1.9197, -1.9478, 1.6338, -0.3908, 1.7788, -1.8125, -1.1225, 1.6835, -1.6439, 0.9529, 0.111, -1.4716, -1.7565, -1.1033, -0.1177, 1.1294, 1.8256, 0.4967, 0.8052, -1.709, 1.3398, 2.2604, 2.0109, 0.3864, 0.1615, 2.0236, -1.5766, 2.254, -1.099, 2.0137, -1.1599, 1.4478, 1.7266, 2.1778, -0.836, -1.5645, 2.2512, -0.9011, -1.5443, 2.1029, 1.8352, -0.3372, -0.3513, 2.1987, -0.4899, -0.39, 1.7449, 0.5135, 0.8069, 2.1973]
Score for individual 1 : -7
Genes of individual 2 : [-1.9197, -1.9478, 1.6338, -0.3908, 1.7788, -1.8125, -1.1225, 1.6835, -1.6439, 0.9529, 0.111, -1.4716, -1.7565, -1.1033, -0.1177, 1.1294, 1.8256, 0.4967, 0.8052, -1.709, 1.3398, 2.2604, 2.0109, 0.3864, 0.1615, 2.0236, -1.5766, 2.254, -1.099, 2.0137, -1.1599, 1.4478, 1.7266, 2.1778, -0.836, -1.5645, 2.2512, -0.9011, -1.5443, 2.1029, 1.8352, -0.3372, -0.3513, 2.1987, -0.4899, -0.39, 1.7449, 0.5135, 0.8069, 2.1973]
Score for individual 2 : 33
Genes of individual 3 : [1.9322, -1.4627, -0.4481, 0.6558, -1.0258, 1.4452, 0.6925, 0.0621, 1.8613, 0.2899, 1.2911, -0.1297, 1.0623, 0.0315, -1.4021, 1.0414, 2.1827, -0.8211, -1.8029, 0.4074, -0.9573, -0.4152, 1.9276, 0.6744, 0.621, 1.2573, 1.393, 1.0804, 0.9547, 2.1296, 2.2459, -0.7653, -0.2353, 2.0839, 1.4423, 1.1455, 1.3955, -1.9792, 0.6317, 0.0358, 2.2943, -1.891, 1.5145, -0.0154, 0.5921, 0.1195, -0.3919, 1.0704, 1.1884, -1.9301]
Score for individual 3 : -7
Genes of individual 4 : [1.9322, -1.4627, -0.4481, 0.6558, -1.0258, 1.4452, 0.6925, 0.0621, 1.8613, 0.2899, 1.2911, -0.1297, 1.0623, 0.0315, -1.4021, 1.0414, 2.1827, -0.8211, -1.8029, 0.4074, -0.9573, -0.4152, 1.9276, 0.6744, 0.621, 1.2573, 1.393, 1.0804, 0.9547, 2.1296, 2.2459, -0.7653, -0.2353, 2.0839, 1.4423, 1.1455, 1.3955, -1.9792, 0.6317, 0.0358, 2.2943, -1.891, 1.5145, -0.0154, 0.5921, 0.1195, -0.3919, 1.0704, 1.1884, -1.9301]
Score for individual 4 : 21
Genes of individual 5 : [0.2829, 0.4734, 0.7522, -1.9603, 0.6679, -0.1879, 1.8946, -0.3787, -1.6287, 1.7853, -0.6485, -1.7978, 0.96, -0.1404, -1.0985, -0.2036, -1.8374, -1.1306, 1.2093, -0.4131, 2.2912, 0.908, -0.1872, -0.6555, 0.2525, -0.9998, 0.2889, 2.2865, -1.9402, -1.9208, 1.7024, -1.7353, 1.6319, -0.4528, 1.6913, -0.1043, 2.2934, 1.2235, 0.7591, -0.3005, 0.2324, -1.788, -1.7167, -1.9788, -0.561, 1.9493, 2.0002, 1.7081, 0.2272, -1.1419]
Score for individual 5 : -25

START GENERATION 3

Genes of individual 1 : [-1.9197, -1.9478, 1.6338, -0.3908, 1.7788, -1.8125, -1.1225, 1.6835, -1.6439, 0.9529, 0.111, -1.4716, -1.7565, -1.1033, -0.1177, 1.1294, 1.8256, 0.4967, 0.8052, -1.709, 1.3398, 2.2604, 2.0109, 0.3864, 0.1615, 2.0236, -1.5766, 2.254, -1.099, 2.0137, -1.1599, 1.4478, 1.7266, 2.1778, -0.836, -1.5645, 2.2512, -0.9011, -1.5443, 2.1029, 1.8352, -0.3372, -0.3513, 2.1987, -0.4899, -0.39, 1.7449, 0.5135, 0.8069, 2.1973]
Score for individual 1 : -7
Genes of individual 2 : [-1.9197, -1.9478, 1.6338, -0.3908, 1.7788, -1.8125, -1.1225, 1.6835, -1.6439, 0.9529, 0.111, -1.4716, -1.7565, -1.1033, -0.1177, 1.1294, 1.8256, 0.4967, 0.8052, -1.709, 1.3398, 2.2604, 2.0109, 0.3864, 0.1615, 2.0236, -1.5766, 2.254, -1.099, 2.0137, -1.1599, 1.4478, 1.7266, 2.1778, -0.836, -1.5645, 2.2512, -0.9011, -1.5443, 2.1029, 1.8352, -0.3372, -0.3513, 2.1987, -0.4899, -0.39, 1.7449, 0.5135, 0.8069, 2.1973]
Score for individual 2 : 33
Genes of individual 3 : [1.9322, -1.4627, -0.4481, 0.6558, -1.0258, 1.4452, 0.6925, 0.0621, 1.8613, 0.2899, 1.2911, -0.1297, 1.0623, 0.0315, -1.4021, 1.0414, 2.1827, -0.8211, -1.8029, 0.4074, -0.9573, -0.4152, 1.9276, 0.6744, 0.621, 1.2573, 1.393, 1.0804, 0.9547, 2.1296, 2.2459, -0.7653, -0.2353, 2.0839, 1.4423, 1.1455, 1.3955, -1.9792, 0.6317, 0.0358, 2.2943, -1.891, 1.5145, -0.0154, 0.5921, 0.1195, -0.3919, 1.0704, 1.1884, -1.9301]
Score for individual 3 : -7
Genes of individual 4 : [1.9322, -1.4627, -0.4481, 0.6558, -1.0258, 1.4452, 0.6925, 0.0621, 1.8613, 0.2899, 1.2911, -0.1297, 1.0623, 0.0315, -1.4021, 1.0414, 2.1827, -0.8211, -1.8029, 0.4074, -0.9573, -0.4152, 1.9276, 0.6744, 0.621, 1.2573, 1.393, 1.0804, 0.9547, 2.1296, 2.2459, -0.7653, -0.2353, 2.0839, 1.4423, 1.1455, 1.3955, -1.9792, 0.6317, 0.0358, 2.2943, -1.891, 1.5145, -0.0154, 0.5921, 0.1195, -0.3919, 1.0704, 1.1884, -1.9301]
Score for individual 4 : 21
Genes of individual 5 : [0.2829, 0.4734, 0.7522, -1.9603, 0.6679, -0.1879, 1.8946, -0.3787, -1.6287, 1.7853, -0.6485, -1.7978, 0.96, -0.1404, -1.0985, -0.2036, -1.8374, -1.1306, 1.2093, -0.4131, 2.2912, 0.908, -0.1872, -0.6555, 0.2525, -0.9998, 0.2889, 2.2865, -1.9402, -1.9208, 1.7024, -1.7353, 1.6319, -0.4528, 1.6913, -0.1043, 2.2934, 1.2235, 0.7591, -0.3005, 0.2324, -1.788, -1.7167, -1.9788, -0.561, 1.9493, 2.0002, 1.7081, 0.2272, -1.1419]
Score for individual 5 : -25

TEST POPULATION AT GENERATION 3

Genes of individual 1 : [-1.9197, -1.9478, 1.6338, -0.3908, 1.7788, -1.8125, -1.1225, 1.6835, -1.6439, 0.9529, 0.111, -1.4716, -1.7565, -1.1033, -0.1177, 1.1294, 1.8256, 0.4967, 0.8052, -1.709, 1.3398, 2.2604, 2.0109, 0.3864, 0.1615, 2.0236, -1.5766, 2.254, -1.099, 2.0137, -1.1599, 1.4478, 1.7266, 2.1778, -0.836, -1.5645, 2.2512, -0.9011, -1.5443, 2.1029, 1.8352, -0.3372, -0.3513, 2.1987, -0.4899, -0.39, 1.7449, 0.5135, 0.8069, 2.1973]
Score for individual 1 : -7
Genes of individual 2 : [-1.9197, -1.9478, 1.6338, -0.3908, 1.7788, -1.8125, -1.1225, 1.6835, -1.6439, 0.9529, 0.111, -1.4716, -1.7565, -1.1033, -0.1177, 1.1294, 1.8256, 0.4967, 0.8052, -1.709, 1.3398, 2.2604, 2.0109, 0.3864, 0.1615, 2.0236, -1.5766, 2.254, -1.099, 2.0137, -1.1599, 1.4478, 1.7266, 2.1778, -0.836, -1.5645, 2.2512, -0.9011, -1.5443, 2.1029, 1.8352, -0.3372, -0.3513, 2.1987, -0.4899, -0.39, 1.7449, 0.5135, 0.8069, 2.1973]
Score for individual 2 : -7
Genes of individual 3 : [1.9322, -1.4627, -0.4481, 0.6558, -1.0258, 1.4452, 0.6925, 0.0621, 1.8613, 0.2899, 1.2911, -0.1297, 1.0623, 0.0315, -1.4021, 1.0414, 2.1827, -0.8211, -1.8029, 0.4074, -0.9573, -0.4152, 1.9276, 0.6744, 0.621, 1.2573, 1.393, 1.0804, 0.9547, 2.1296, 2.2459, -0.7653, -0.2353, 2.0839, 1.4423, 1.1455, 1.3955, -1.9792, 0.6317, 0.0358, 2.2943, -1.891, 1.5145, -0.0154, 0.5921, 0.1195, -0.3919, 1.0704, 1.1884, -1.9301]
Score for individual 3 : 29
Genes of individual 4 : [1.9322, -1.4627, -0.4481, 0.6558, -1.0258, 1.4452, 0.6925, 0.0621, 1.8613, 0.2899, 1.2911, -0.1297, 1.0623, 0.0315, -1.4021, 1.0414, 2.1827, -0.8211, -1.8029, 0.4074, -0.9573, -0.4152, 1.9276, 0.6744, 0.621, 1.2573, 1.393, 1.0804, 0.9547, 2.1296, 2.2459, -0.7653, -0.2353, 2.0839, 1.4423, 1.1455, 1.3955, -1.9792, 0.6317, 0.0358, 2.2943, -1.891, 1.5145, -0.0154, 0.5921, 0.1195, -0.3919, 1.0704, 1.1884, -1.9301]
Score for individual 4 : 31
Genes of individual 5 : [0.2829, 0.4734, 0.7522, -1.9603, 0.6679, -0.1879, 1.8946, -0.3787, -1.6287, 1.7853, -0.6485, -1.7978, 0.96, -0.1404, -1.0985, -0.2036, -1.8374, -1.1306, 1.2093, -0.4131, 2.2912, 0.908, -0.1872, -0.6555, 0.2525, -0.9998, 0.2889, 2.2865, -1.9402, -1.9208, 1.7024, -1.7353, 1.6319, -0.4528, 1.6913, -0.1043, 2.2934, 1.2235, 0.7591, -0.3005, 0.2324, -1.788, -1.7167, -1.9788, -0.561, 1.9493, 2.0002, 1.7081, 0.2272, -1.1419]
Score for individual 5 : -25

SELECTION
Selected parents at indexes: [3, 0]
PARENTS BEFORE CROSSOVER
Parents 1 [1.9322, -1.4627, -0.4481, 0.6558, -1.0258, 1.4452, 0.6925, 0.0621, 1.8613, 0.2899, 1.2911, -0.1297, 1.0623, 0.0315, -1.4021, 1.0414, 2.1827, -0.8211, -1.8029, 0.4074, -0.9573, -0.4152, 1.9276, 0.6744, 0.621, 1.2573, 1.393, 1.0804, 0.9547, 2.1296, 2.2459, -0.7653, -0.2353, 2.0839, 1.4423, 1.1455, 1.3955, -1.9792, 0.6317, 0.0358, 2.2943, -1.891, 1.5145, -0.0154, 0.5921, 0.1195, -0.3919, 1.0704, 1.1884, -1.9301]
Parents 2 [-1.9197, -1.9478, 1.6338, -0.3908, 1.7788, -1.8125, -1.1225, 1.6835, -1.6439, 0.9529, 0.111, -1.4716, -1.7565, -1.1033, -0.1177, 1.1294, 1.8256, 0.4967, 0.8052, -1.709, 1.3398, 2.2604, 2.0109, 0.3864, 0.1615, 2.0236, -1.5766, 2.254, -1.099, 2.0137, -1.1599, 1.4478, 1.7266, 2.1778, -0.836, -1.5645, 2.2512, -0.9011, -1.5443, 2.1029, 1.8352, -0.3372, -0.3513, 2.1987, -0.4899, -0.39, 1.7449, 0.5135, 0.8069, 2.1973]
Before crossover
Parent 1: [1.9322, -1.4627, -0.4481, 0.6558, -1.0258, 1.4452, 0.6925, 0.0621, 1.8613, 0.2899, 1.2911, -0.1297, 1.0623, 0.0315, -1.4021, 1.0414, 2.1827, -0.8211, -1.8029, 0.4074, -0.9573, -0.4152, 1.9276, 0.6744, 0.621, 1.2573, 1.393, 1.0804, 0.9547, 2.1296, 2.2459, -0.7653, -0.2353, 2.0839, 1.4423, 1.1455, 1.3955, -1.9792, 0.6317, 0.0358, 2.2943, -1.891, 1.5145, -0.0154, 0.5921, 0.1195, -0.3919, 1.0704, 1.1884, -1.9301]
Parent 2: [-1.9197, -1.9478, 1.6338, -0.3908, 1.7788, -1.8125, -1.1225, 1.6835, -1.6439, 0.9529, 0.111, -1.4716, -1.7565, -1.1033, -0.1177, 1.1294, 1.8256, 0.4967, 0.8052, -1.709, 1.3398, 2.2604, 2.0109, 0.3864, 0.1615, 2.0236, -1.5766, 2.254, -1.099, 2.0137, -1.1599, 1.4478, 1.7266, 2.1778, -0.836, -1.5645, 2.2512, -0.9011, -1.5443, 2.1029, 1.8352, -0.3372, -0.3513, 2.1987, -0.4899, -0.39, 1.7449, 0.5135, 0.8069, 2.1973]
Random roll: 12
After mutation
Parent1: [1.9322, -1.4627, -0.4481, 0.6558, -1.0258, 1.4452, 0.6925, 0.0621, 1.8613, 0.2899, 1.2911, -0.1297, 0.4851, 0.0315, -1.4021, 1.0414, 2.1827, -0.8211, -1.8029, 0.4074, -0.9573, -0.4152, 1.9276, 0.6744, 0.621, 1.2573, 1.393, 1.0804, 0.9547, 2.1296, 2.2459, -0.7653, -0.2353, 2.0839, 1.4423, 1.1455, 1.3955, -1.9792, 0.6317, 0.0358, 2.2943, -1.891, 1.5145, -0.0154, 0.5921, 0.1195, -0.3919, 1.0704, 1.1884, -1.9301]
Random roll: 47
After mutation
Parent2: [-1.9197, -1.9478, 1.6338, -0.3908, 1.7788, -1.8125, -1.1225, 1.6835, -1.6439, 0.9529, 0.111, -1.4716, -1.7565, -1.1033, -0.1177, 1.1294, 1.8256, 0.4967, 0.8052, -1.709, 1.3398, 2.2604, 2.0109, 0.3864, 0.1615, 2.0236, -1.5766, 2.254, -1.099, 2.0137, -1.1599, 1.4478, 1.7266, 2.1778, -0.836, -1.5645, 2.2512, -0.9011, -1.5443, 2.1029, 1.8352, -0.3372, -0.3513, 2.1987, -0.4899, -0.39, 1.7449, -0.4867, 0.8069, 2.1973]
Replace parent 1 with individual 5
Individual to be replaced: [0.2829, 0.4734, 0.7522, -1.9603, 0.6679, -0.1879, 1.8946, -0.3787, -1.6287, 1.7853, -0.6485, -1.7978, 0.96, -0.1404, -1.0985, -0.2036, -1.8374, -1.1306, 1.2093, -0.4131, 2.2912, 0.908, -0.1872, -0.6555, 0.2525, -0.9998, 0.2889, 2.2865, -1.9402, -1.9208, 1.7024, -1.7353, 1.6319, -0.4528, 1.6913, -0.1043, 2.2934, 1.2235, 0.7591, -0.3005, 0.2324, -1.788, -1.7167, -1.9788, -0.561, 1.9493, 2.0002, 1.7081, 0.2272, -1.1419]
Parent 1: [-1.9197, -1.9478, 1.6338, -0.3908, 1.7788, -1.8125, -1.1225, 1.6835, -1.6439, 0.9529, 0.111, -1.4716, -1.7565, -1.1033, -0.1177, 1.1294, 1.8256, 0.4967, 0.8052, -1.709, 1.3398, 2.2604, 2.0109, 0.3864, 0.1615, 2.0236, -1.5766, 2.254, -1.099, 2.0137, -1.1599, 1.4478, 1.7266, 2.1778, -0.836, -1.5645, 2.2512, -0.9011, -1.5443, 2.1029, 1.8352, -0.3372, -0.3513, 2.1987, -0.4899, -0.39, 1.7449, -0.4867, 0.8069, 2.1973]
New Individual: [-1.9197, -1.9478, 1.6338, -0.3908, 1.7788, -1.8125, -1.1225, 1.6835, -1.6439, 0.9529, 0.111, -1.4716, -1.7565, -1.1033, -0.1177, 1.1294, 1.8256, 0.4967, 0.8052, -1.709, 1.3398, 2.2604, 2.0109, 0.3864, 0.1615, 2.0236, -1.5766, 2.254, -1.099, 2.0137, -1.1599, 1.4478, 1.7266, 2.1778, -0.836, -1.5645, 2.2512, -0.9011, -1.5443, 2.1029, 1.8352, -0.3372, -0.3513, 2.1987, -0.4899, -0.39, 1.7449, -0.4867, 0.8069, 2.1973]
RESULT OF GENERATION 3

Genes of individual 1 : [-1.9197, -1.9478, 1.6338, -0.3908, 1.7788, -1.8125, -1.1225, 1.6835, -1.6439, 0.9529, 0.111, -1.4716, -1.7565, -1.1033, -0.1177, 1.1294, 1.8256, 0.4967, 0.8052, -1.709, 1.3398, 2.2604, 2.0109, 0.3864, 0.1615, 2.0236, -1.5766, 2.254, -1.099, 2.0137, -1.1599, 1.4478, 1.7266, 2.1778, -0.836, -1.5645, 2.2512, -0.9011, -1.5443, 2.1029, 1.8352, -0.3372, -0.3513, 2.1987, -0.4899, -0.39, 1.7449, -0.4867, 0.8069, 2.1973]
Score for individual 1 : -7
Genes of individual 2 : [-1.9197, -1.9478, 1.6338, -0.3908, 1.7788, -1.8125, -1.1225, 1.6835, -1.6439, 0.9529, 0.111, -1.4716, -1.7565, -1.1033, -0.1177, 1.1294, 1.8256, 0.4967, 0.8052, -1.709, 1.3398, 2.2604, 2.0109, 0.3864, 0.1615, 2.0236, -1.5766, 2.254, -1.099, 2.0137, -1.1599, 1.4478, 1.7266, 2.1778, -0.836, -1.5645, 2.2512, -0.9011, -1.5443, 2.1029, 1.8352, -0.3372, -0.3513, 2.1987, -0.4899, -0.39, 1.7449, -0.4867, 0.8069, 2.1973]
Score for individual 2 : -7
Genes of individual 3 : [1.9322, -1.4627, -0.4481, 0.6558, -1.0258, 1.4452, 0.6925, 0.0621, 1.8613, 0.2899, 1.2911, -0.1297, 0.4851, 0.0315, -1.4021, 1.0414, 2.1827, -0.8211, -1.8029, 0.4074, -0.9573, -0.4152, 1.9276, 0.6744, 0.621, 1.2573, 1.393, 1.0804, 0.9547, 2.1296, 2.2459, -0.7653, -0.2353, 2.0839, 1.4423, 1.1455, 1.3955, -1.9792, 0.6317, 0.0358, 2.2943, -1.891, 1.5145, -0.0154, 0.5921, 0.1195, -0.3919, 1.0704, 1.1884, -1.9301]
Score for individual 3 : 29
Genes of individual 4 : [1.9322, -1.4627, -0.4481, 0.6558, -1.0258, 1.4452, 0.6925, 0.0621, 1.8613, 0.2899, 1.2911, -0.1297, 0.4851, 0.0315, -1.4021, 1.0414, 2.1827, -0.8211, -1.8029, 0.4074, -0.9573, -0.4152, 1.9276, 0.6744, 0.621, 1.2573, 1.393, 1.0804, 0.9547, 2.1296, 2.2459, -0.7653, -0.2353, 2.0839, 1.4423, 1.1455, 1.3955, -1.9792, 0.6317, 0.0358, 2.2943, -1.891, 1.5145, -0.0154, 0.5921, 0.1195, -0.3919, 1.0704, 1.1884, -1.9301]
Score for individual 4 : 31
Genes of individual 5 : [-1.9197, -1.9478, 1.6338, -0.3908, 1.7788, -1.8125, -1.1225, 1.6835, -1.6439, 0.9529, 0.111, -1.4716, -1.7565, -1.1033, -0.1177, 1.1294, 1.8256, 0.4967, 0.8052, -1.709, 1.3398, 2.2604, 2.0109, 0.3864, 0.1615, 2.0236, -1.5766, 2.254, -1.099, 2.0137, -1.1599, 1.4478, 1.7266, 2.1778, -0.836, -1.5645, 2.2512, -0.9011, -1.5443, 2.1029, 1.8352, -0.3372, -0.3513, 2.1987, -0.4899, -0.39, 1.7449, -0.4867, 0.8069, 2.1973]
Score for individual 5 : 17

START GENERATION 4

Genes of individual 1 : [-1.9197, -1.9478, 1.6338, -0.3908, 1.7788, -1.8125, -1.1225, 1.6835, -1.6439, 0.9529, 0.111, -1.4716, -1.7565, -1.1033, -0.1177, 1.1294, 1.8256, 0.4967, 0.8052, -1.709, 1.3398, 2.2604, 2.0109, 0.3864, 0.1615, 2.0236, -1.5766, 2.254, -1.099, 2.0137, -1.1599, 1.4478, 1.7266, 2.1778, -0.836, -1.5645, 2.2512, -0.9011, -1.5443, 2.1029, 1.8352, -0.3372, -0.3513, 2.1987, -0.4899, -0.39, 1.7449, -0.4867, 0.8069, 2.1973]
Score for individual 1 : -7
Genes of individual 2 : [-1.9197, -1.9478, 1.6338, -0.3908, 1.7788, -1.8125, -1.1225, 1.6835, -1.6439, 0.9529, 0.111, -1.4716, -1.7565, -1.1033, -0.1177, 1.1294, 1.8256, 0.4967, 0.8052, -1.709, 1.3398, 2.2604, 2.0109, 0.3864, 0.1615, 2.0236, -1.5766, 2.254, -1.099, 2.0137, -1.1599, 1.4478, 1.7266, 2.1778, -0.836, -1.5645, 2.2512, -0.9011, -1.5443, 2.1029, 1.8352, -0.3372, -0.3513, 2.1987, -0.4899, -0.39, 1.7449, -0.4867, 0.8069, 2.1973]
Score for individual 2 : -7
Genes of individual 3 : [1.9322, -1.4627, -0.4481, 0.6558, -1.0258, 1.4452, 0.6925, 0.0621, 1.8613, 0.2899, 1.2911, -0.1297, 0.4851, 0.0315, -1.4021, 1.0414, 2.1827, -0.8211, -1.8029, 0.4074, -0.9573, -0.4152, 1.9276, 0.6744, 0.621, 1.2573, 1.393, 1.0804, 0.9547, 2.1296, 2.2459, -0.7653, -0.2353, 2.0839, 1.4423, 1.1455, 1.3955, -1.9792, 0.6317, 0.0358, 2.2943, -1.891, 1.5145, -0.0154, 0.5921, 0.1195, -0.3919, 1.0704, 1.1884, -1.9301]
Score for individual 3 : 29
Genes of individual 4 : [1.9322, -1.4627, -0.4481, 0.6558, -1.0258, 1.4452, 0.6925, 0.0621, 1.8613, 0.2899, 1.2911, -0.1297, 0.4851, 0.0315, -1.4021, 1.0414, 2.1827, -0.8211, -1.8029, 0.4074, -0.9573, -0.4152, 1.9276, 0.6744, 0.621, 1.2573, 1.393, 1.0804, 0.9547, 2.1296, 2.2459, -0.7653, -0.2353, 2.0839, 1.4423, 1.1455, 1.3955, -1.9792, 0.6317, 0.0358, 2.2943, -1.891, 1.5145, -0.0154, 0.5921, 0.1195, -0.3919, 1.0704, 1.1884, -1.9301]
Score for individual 4 : 31
Genes of individual 5 : [-1.9197, -1.9478, 1.6338, -0.3908, 1.7788, -1.8125, -1.1225, 1.6835, -1.6439, 0.9529, 0.111, -1.4716, -1.7565, -1.1033, -0.1177, 1.1294, 1.8256, 0.4967, 0.8052, -1.709, 1.3398, 2.2604, 2.0109, 0.3864, 0.1615, 2.0236, -1.5766, 2.254, -1.099, 2.0137, -1.1599, 1.4478, 1.7266, 2.1778, -0.836, -1.5645, 2.2512, -0.9011, -1.5443, 2.1029, 1.8352, -0.3372, -0.3513, 2.1987, -0.4899, -0.39, 1.7449, -0.4867, 0.8069, 2.1973]
Score for individual 5 : 17

TEST POPULATION AT GENERATION 4

Genes of individual 1 : [-1.9197, -1.9478, 1.6338, -0.3908, 1.7788, -1.8125, -1.1225, 1.6835, -1.6439, 0.9529, 0.111, -1.4716, -1.7565, -1.1033, -0.1177, 1.1294, 1.8256, 0.4967, 0.8052, -1.709, 1.3398, 2.2604, 2.0109, 0.3864, 0.1615, 2.0236, -1.5766, 2.254, -1.099, 2.0137, -1.1599, 1.4478, 1.7266, 2.1778, -0.836, -1.5645, 2.2512, -0.9011, -1.5443, 2.1029, 1.8352, -0.3372, -0.3513, 2.1987, -0.4899, -0.39, 1.7449, -0.4867, 0.8069, 2.1973]
Score for individual 1 : -7
Genes of individual 2 : [-1.9197, -1.9478, 1.6338, -0.3908, 1.7788, -1.8125, -1.1225, 1.6835, -1.6439, 0.9529, 0.111, -1.4716, -1.7565, -1.1033, -0.1177, 1.1294, 1.8256, 0.4967, 0.8052, -1.709, 1.3398, 2.2604, 2.0109, 0.3864, 0.1615, 2.0236, -1.5766, 2.254, -1.099, 2.0137, -1.1599, 1.4478, 1.7266, 2.1778, -0.836, -1.5645, 2.2512, -0.9011, -1.5443, 2.1029, 1.8352, -0.3372, -0.3513, 2.1987, -0.4899, -0.39, 1.7449, -0.4867, 0.8069, 2.1973]
Score for individual 2 : -7
Genes of individual 3 : [1.9322, -1.4627, -0.4481, 0.6558, -1.0258, 1.4452, 0.6925, 0.0621, 1.8613, 0.2899, 1.2911, -0.1297, 0.4851, 0.0315, -1.4021, 1.0414, 2.1827, -0.8211, -1.8029, 0.4074, -0.9573, -0.4152, 1.9276, 0.6744, 0.621, 1.2573, 1.393, 1.0804, 0.9547, 2.1296, 2.2459, -0.7653, -0.2353, 2.0839, 1.4423, 1.1455, 1.3955, -1.9792, 0.6317, 0.0358, 2.2943, -1.891, 1.5145, -0.0154, 0.5921, 0.1195, -0.3919, 1.0704, 1.1884, -1.9301]
Score for individual 3 : 31
Genes of individual 4 : [1.9322, -1.4627, -0.4481, 0.6558, -1.0258, 1.4452, 0.6925, 0.0621, 1.8613, 0.2899, 1.2911, -0.1297, 0.4851, 0.0315, -1.4021, 1.0414, 2.1827, -0.8211, -1.8029, 0.4074, -0.9573, -0.4152, 1.9276, 0.6744, 0.621, 1.2573, 1.393, 1.0804, 0.9547, 2.1296, 2.2459, -0.7653, -0.2353, 2.0839, 1.4423, 1.1455, 1.3955, -1.9792, 0.6317, 0.0358, 2.2943, -1.891, 1.5145, -0.0154, 0.5921, 0.1195, -0.3919, 1.0704, 1.1884, -1.9301]
Score for individual 4 : 25
Genes of individual 5 : [-1.9197, -1.9478, 1.6338, -0.3908, 1.7788, -1.8125, -1.1225, 1.6835, -1.6439, 0.9529, 0.111, -1.4716, -1.7565, -1.1033, -0.1177, 1.1294, 1.8256, 0.4967, 0.8052, -1.709, 1.3398, 2.2604, 2.0109, 0.3864, 0.1615, 2.0236, -1.5766, 2.254, -1.099, 2.0137, -1.1599, 1.4478, 1.7266, 2.1778, -0.836, -1.5645, 2.2512, -0.9011, -1.5443, 2.1029, 1.8352, -0.3372, -0.3513, 2.1987, -0.4899, -0.39, 1.7449, -0.4867, 0.8069, 2.1973]
Score for individual 5 : -7

SELECTION
Selected parents at indexes: [2, 3]
PARENTS BEFORE CROSSOVER
Parents 1 [1.9322, -1.4627, -0.4481, 0.6558, -1.0258, 1.4452, 0.6925, 0.0621, 1.8613, 0.2899, 1.2911, -0.1297, 0.4851, 0.0315, -1.4021, 1.0414, 2.1827, -0.8211, -1.8029, 0.4074, -0.9573, -0.4152, 1.9276, 0.6744, 0.621, 1.2573, 1.393, 1.0804, 0.9547, 2.1296, 2.2459, -0.7653, -0.2353, 2.0839, 1.4423, 1.1455, 1.3955, -1.9792, 0.6317, 0.0358, 2.2943, -1.891, 1.5145, -0.0154, 0.5921, 0.1195, -0.3919, 1.0704, 1.1884, -1.9301]
Parents 2 [1.9322, -1.4627, -0.4481, 0.6558, -1.0258, 1.4452, 0.6925, 0.0621, 1.8613, 0.2899, 1.2911, -0.1297, 0.4851, 0.0315, -1.4021, 1.0414, 2.1827, -0.8211, -1.8029, 0.4074, -0.9573, -0.4152, 1.9276, 0.6744, 0.621, 1.2573, 1.393, 1.0804, 0.9547, 2.1296, 2.2459, -0.7653, -0.2353, 2.0839, 1.4423, 1.1455, 1.3955, -1.9792, 0.6317, 0.0358, 2.2943, -1.891, 1.5145, -0.0154, 0.5921, 0.1195, -0.3919, 1.0704, 1.1884, -1.9301]
Before crossover
Parent 1: [1.9322, -1.4627, -0.4481, 0.6558, -1.0258, 1.4452, 0.6925, 0.0621, 1.8613, 0.2899, 1.2911, -0.1297, 0.4851, 0.0315, -1.4021, 1.0414, 2.1827, -0.8211, -1.8029, 0.4074, -0.9573, -0.4152, 1.9276, 0.6744, 0.621, 1.2573, 1.393, 1.0804, 0.9547, 2.1296, 2.2459, -0.7653, -0.2353, 2.0839, 1.4423, 1.1455, 1.3955, -1.9792, 0.6317, 0.0358, 2.2943, -1.891, 1.5145, -0.0154, 0.5921, 0.1195, -0.3919, 1.0704, 1.1884, -1.9301]
Parent 2: [1.9322, -1.4627, -0.4481, 0.6558, -1.0258, 1.4452, 0.6925, 0.0621, 1.8613, 0.2899, 1.2911, -0.1297, 0.4851, 0.0315, -1.4021, 1.0414, 2.1827, -0.8211, -1.8029, 0.4074, -0.9573, -0.4152, 1.9276, 0.6744, 0.621, 1.2573, 1.393, 1.0804, 0.9547, 2.1296, 2.2459, -0.7653, -0.2353, 2.0839, 1.4423, 1.1455, 1.3955, -1.9792, 0.6317, 0.0358, 2.2943, -1.891, 1.5145, -0.0154, 0.5921, 0.1195, -0.3919, 1.0704, 1.1884, -1.9301]
Does single point
Random roll: 37
Before two point crossover
Parent 1: [1.9322, -1.4627, -0.4481, 0.6558, -1.0258, 1.4452, 0.6925, 0.0621, 1.8613, 0.2899, 1.2911, -0.1297, 0.4851, 0.0315, -1.4021, 1.0414, 2.1827, -0.8211, -1.8029, 0.4074, -0.9573, -0.4152, 1.9276, 0.6744, 0.621, 1.2573, 1.393, 1.0804, 0.9547, 2.1296, 2.2459, -0.7653, -0.2353, 2.0839, 1.4423, 1.1455, 1.3955, -1.9792, 0.6317, 0.0358, 2.2943, -1.891, 1.5145, -0.0154, 0.5921, 0.1195, -0.3919, 1.0704, 1.1884, -1.9301]
Parent 2: [1.9322, -1.4627, -0.4481, 0.6558, -1.0258, 1.4452, 0.6925, 0.0621, 1.8613, 0.2899, 1.2911, -0.1297, 0.4851, 0.0315, -1.4021, 1.0414, 2.1827, -0.8211, -1.8029, 0.4074, -0.9573, -0.4152, 1.9276, 0.6744, 0.621, 1.2573, 1.393, 1.0804, 0.9547, 2.1296, 2.2459, -0.7653, -0.2353, 2.0839, 1.4423, 1.1455, 1.3955, -1.9792, 0.6317, 0.0358, 2.2943, -1.891, 1.5145, -0.0154, 0.5921, 0.1195, -0.3919, 1.0704, 1.1884, -1.9301]
Does two point
Random roll 1: 37
Random roll 2: 39
After crossover
Parent 1: [1.9322, -1.4627, -0.4481, 0.6558, -1.0258, 1.4452, 0.6925, 0.0621, 1.8613, 0.2899, 1.2911, -0.1297, 0.4851, 0.0315, -1.4021, 1.0414, 2.1827, -0.8211, -1.8029, 0.4074, -0.9573, -0.4152, 1.9276, 0.6744, 0.621, 1.2573, 1.393, 1.0804, 0.9547, 2.1296, 2.2459, -0.7653, -0.2353, 2.0839, 1.4423, 1.1455, 1.3955, -1.9792, 0.6317, 0.0358, 2.2943, -1.891, 1.5145, -0.0154, 0.5921, 0.1195, -0.3919, 1.0704, 1.1884, -1.9301]
Parent 2: [1.9322, -1.4627, -0.4481, 0.6558, -1.0258, 1.4452, 0.6925, 0.0621, 1.8613, 0.2899, 1.2911, -0.1297, 0.4851, 0.0315, -1.4021, 1.0414, 2.1827, -0.8211, -1.8029, 0.4074, -0.9573, -0.4152, 1.9276, 0.6744, 0.621, 1.2573, 1.393, 1.0804, 0.9547, 2.1296, 2.2459, -0.7653, -0.2353, 2.0839, 1.4423, 1.1455, 1.3955, -1.9792, 0.6317, 0.0358, 2.2943, -1.891, 1.5145, -0.0154, 0.5921, 0.1195, -0.3919, 1.0704, 1.1884, -1.9301]
Random roll: 1
After mutation
Parent1: [1.9322, 1.9761, -0.4481, 0.6558, -1.0258, 1.4452, 0.6925, 0.0621, 1.8613, 0.2899, 1.2911, -0.1297, 0.4851, 0.0315, -1.4021, 1.0414, 2.1827, -0.8211, -1.8029, 0.4074, -0.9573, -0.4152, 1.9276, 0.6744, 0.621, 1.2573, 1.393, 1.0804, 0.9547, 2.1296, 2.2459, -0.7653, -0.2353, 2.0839, 1.4423, 1.1455, 1.3955, -1.9792, 0.6317, 0.0358, 2.2943, -1.891, 1.5145, -0.0154, 0.5921, 0.1195, -0.3919, 1.0704, 1.1884, -1.9301]
Random roll: 2
After mutation
Parent2: [1.9322, 1.9761, 1.4395, 0.6558, -1.0258, 1.4452, 0.6925, 0.0621, 1.8613, 0.2899, 1.2911, -0.1297, 0.4851, 0.0315, -1.4021, 1.0414, 2.1827, -0.8211, -1.8029, 0.4074, -0.9573, -0.4152, 1.9276, 0.6744, 0.621, 1.2573, 1.393, 1.0804, 0.9547, 2.1296, 2.2459, -0.7653, -0.2353, 2.0839, 1.4423, 1.1455, 1.3955, -1.9792, 0.6317, 0.0358, 2.2943, -1.891, 1.5145, -0.0154, 0.5921, 0.1195, -0.3919, 1.0704, 1.1884, -1.9301]
Replace parent 1 with individual 1
Individual to be replaced: [-1.9197, -1.9478, 1.6338, -0.3908, 1.7788, -1.8125, -1.1225, 1.6835, -1.6439, 0.9529, 0.111, -1.4716, -1.7565, -1.1033, -0.1177, 1.1294, 1.8256, 0.4967, 0.8052, -1.709, 1.3398, 2.2604, 2.0109, 0.3864, 0.1615, 2.0236, -1.5766, 2.254, -1.099, 2.0137, -1.1599, 1.4478, 1.7266, 2.1778, -0.836, -1.5645, 2.2512, -0.9011, -1.5443, 2.1029, 1.8352, -0.3372, -0.3513, 2.1987, -0.4899, -0.39, 1.7449, -0.4867, 0.8069, 2.1973]
Parent 1: [1.9322, 1.9761, 1.4395, 0.6558, -1.0258, 1.4452, 0.6925, 0.0621, 1.8613, 0.2899, 1.2911, -0.1297, 0.4851, 0.0315, -1.4021, 1.0414, 2.1827, -0.8211, -1.8029, 0.4074, -0.9573, -0.4152, 1.9276, 0.6744, 0.621, 1.2573, 1.393, 1.0804, 0.9547, 2.1296, 2.2459, -0.7653, -0.2353, 2.0839, 1.4423, 1.1455, 1.3955, -1.9792, 0.6317, 0.0358, 2.2943, -1.891, 1.5145, -0.0154, 0.5921, 0.1195, -0.3919, 1.0704, 1.1884, -1.9301]
New Individual: [1.9322, 1.9761, 1.4395, 0.6558, -1.0258, 1.4452, 0.6925, 0.0621, 1.8613, 0.2899, 1.2911, -0.1297, 0.4851, 0.0315, -1.4021, 1.0414, 2.1827, -0.8211, -1.8029, 0.4074, -0.9573, -0.4152, 1.9276, 0.6744, 0.621, 1.2573, 1.393, 1.0804, 0.9547, 2.1296, 2.2459, -0.7653, -0.2353, 2.0839, 1.4423, 1.1455, 1.3955, -1.9792, 0.6317, 0.0358, 2.2943, -1.891, 1.5145, -0.0154, 0.5921, 0.1195, -0.3919, 1.0704, 1.1884, -1.9301]
Replace parent 2 with individual 2
Individual to be replaced: [-1.9197, -1.9478, 1.6338, -0.3908, 1.7788, -1.8125, -1.1225, 1.6835, -1.6439, 0.9529, 0.111, -1.4716, -1.7565, -1.1033, -0.1177, 1.1294, 1.8256, 0.4967, 0.8052, -1.709, 1.3398, 2.2604, 2.0109, 0.3864, 0.1615, 2.0236, -1.5766, 2.254, -1.099, 2.0137, -1.1599, 1.4478, 1.7266, 2.1778, -0.836, -1.5645, 2.2512, -0.9011, -1.5443, 2.1029, 1.8352, -0.3372, -0.3513, 2.1987, -0.4899, -0.39, 1.7449, -0.4867, 0.8069, 2.1973]
Parent 2 [1.9322, 1.9761, 1.4395, 0.6558, -1.0258, 1.4452, 0.6925, 0.0621, 1.8613, 0.2899, 1.2911, -0.1297, 0.4851, 0.0315, -1.4021, 1.0414, 2.1827, -0.8211, -1.8029, 0.4074, -0.9573, -0.4152, 1.9276, 0.6744, 0.621, 1.2573, 1.393, 1.0804, 0.9547, 2.1296, 2.2459, -0.7653, -0.2353, 2.0839, 1.4423, 1.1455, 1.3955, -1.9792, 0.6317, 0.0358, 2.2943, -1.891, 1.5145, -0.0154, 0.5921, 0.1195, -0.3919, 1.0704, 1.1884, -1.9301]
New Individual: [1.9322, 1.9761, 1.4395, 0.6558, -1.0258, 1.4452, 0.6925, 0.0621, 1.8613, 0.2899, 1.2911, -0.1297, 0.4851, 0.0315, -1.4021, 1.0414, 2.1827, -0.8211, -1.8029, 0.4074, -0.9573, -0.4152, 1.9276, 0.6744, 0.621, 1.2573, 1.393, 1.0804, 0.9547, 2.1296, 2.2459, -0.7653, -0.2353, 2.0839, 1.4423, 1.1455, 1.3955, -1.9792, 0.6317, 0.0358, 2.2943, -1.891, 1.5145, -0.0154, 0.5921, 0.1195, -0.3919, 1.0704, 1.1884, -1.9301]
RESULT OF GENERATION 4

Genes of individual 1 : [1.9322, 1.9761, 1.4395, 0.6558, -1.0258, 1.4452, 0.6925, 0.0621, 1.8613, 0.2899, 1.2911, -0.1297, 0.4851, 0.0315, -1.4021, 1.0414, 2.1827, -0.8211, -1.8029, 0.4074, -0.9573, -0.4152, 1.9276, 0.6744, 0.621, 1.2573, 1.393, 1.0804, 0.9547, 2.1296, 2.2459, -0.7653, -0.2353, 2.0839, 1.4423, 1.1455, 1.3955, -1.9792, 0.6317, 0.0358, 2.2943, -1.891, 1.5145, -0.0154, 0.5921, 0.1195, -0.3919, 1.0704, 1.1884, -1.9301]
Score for individual 1 : 29
Genes of individual 2 : [1.9322, 1.9761, 1.4395, 0.6558, -1.0258, 1.4452, 0.6925, 0.0621, 1.8613, 0.2899, 1.2911, -0.1297, 0.4851, 0.0315, -1.4021, 1.0414, 2.1827, -0.8211, -1.8029, 0.4074, -0.9573, -0.4152, 1.9276, 0.6744, 0.621, 1.2573, 1.393, 1.0804, 0.9547, 2.1296, 2.2459, -0.7653, -0.2353, 2.0839, 1.4423, 1.1455, 1.3955, -1.9792, 0.6317, 0.0358, 2.2943, -1.891, 1.5145, -0.0154, 0.5921, 0.1195, -0.3919, 1.0704, 1.1884, -1.9301]
Score for individual 2 : 25
Genes of individual 3 : [1.9322, 1.9761, 1.4395, 0.6558, -1.0258, 1.4452, 0.6925, 0.0621, 1.8613, 0.2899, 1.2911, -0.1297, 0.4851, 0.0315, -1.4021, 1.0414, 2.1827, -0.8211, -1.8029, 0.4074, -0.9573, -0.4152, 1.9276, 0.6744, 0.621, 1.2573, 1.393, 1.0804, 0.9547, 2.1296, 2.2459, -0.7653, -0.2353, 2.0839, 1.4423, 1.1455, 1.3955, -1.9792, 0.6317, 0.0358, 2.2943, -1.891, 1.5145, -0.0154, 0.5921, 0.1195, -0.3919, 1.0704, 1.1884, -1.9301]
Score for individual 3 : 31
Genes of individual 4 : [1.9322, 1.9761, 1.4395, 0.6558, -1.0258, 1.4452, 0.6925, 0.0621, 1.8613, 0.2899, 1.2911, -0.1297, 0.4851, 0.0315, -1.4021, 1.0414, 2.1827, -0.8211, -1.8029, 0.4074, -0.9573, -0.4152, 1.9276, 0.6744, 0.621, 1.2573, 1.393, 1.0804, 0.9547, 2.1296, 2.2459, -0.7653, -0.2353, 2.0839, 1.4423, 1.1455, 1.3955, -1.9792, 0.6317, 0.0358, 2.2943, -1.891, 1.5145, -0.0154, 0.5921, 0.1195, -0.3919, 1.0704, 1.1884, -1.9301]
Score for individual 4 : 25
Genes of individual 5 : [-1.9197, -1.9478, 1.6338, -0.3908, 1.7788, -1.8125, -1.1225, 1.6835, -1.6439, 0.9529, 0.111, -1.4716, -1.7565, -1.1033, -0.1177, 1.1294, 1.8256, 0.4967, 0.8052, -1.709, 1.3398, 2.2604, 2.0109, 0.3864, 0.1615, 2.0236, -1.5766, 2.254, -1.099, 2.0137, -1.1599, 1.4478, 1.7266, 2.1778, -0.836, -1.5645, 2.2512, -0.9011, -1.5443, 2.1029, 1.8352, -0.3372, -0.3513, 2.1987, -0.4899, -0.39, 1.7449, -0.4867, 0.8069, 2.1973]
Score for individual 5 : -7

START GENERATION 5

Genes of individual 1 : [1.9322, 1.9761, 1.4395, 0.6558, -1.0258, 1.4452, 0.6925, 0.0621, 1.8613, 0.2899, 1.2911, -0.1297, 0.4851, 0.0315, -1.4021, 1.0414, 2.1827, -0.8211, -1.8029, 0.4074, -0.9573, -0.4152, 1.9276, 0.6744, 0.621, 1.2573, 1.393, 1.0804, 0.9547, 2.1296, 2.2459, -0.7653, -0.2353, 2.0839, 1.4423, 1.1455, 1.3955, -1.9792, 0.6317, 0.0358, 2.2943, -1.891, 1.5145, -0.0154, 0.5921, 0.1195, -0.3919, 1.0704, 1.1884, -1.9301]
Score for individual 1 : 29
Genes of individual 2 : [1.9322, 1.9761, 1.4395, 0.6558, -1.0258, 1.4452, 0.6925, 0.0621, 1.8613, 0.2899, 1.2911, -0.1297, 0.4851, 0.0315, -1.4021, 1.0414, 2.1827, -0.8211, -1.8029, 0.4074, -0.9573, -0.4152, 1.9276, 0.6744, 0.621, 1.2573, 1.393, 1.0804, 0.9547, 2.1296, 2.2459, -0.7653, -0.2353, 2.0839, 1.4423, 1.1455, 1.3955, -1.9792, 0.6317, 0.0358, 2.2943, -1.891, 1.5145, -0.0154, 0.5921, 0.1195, -0.3919, 1.0704, 1.1884, -1.9301]
Score for individual 2 : 25
Genes of individual 3 : [1.9322, 1.9761, 1.4395, 0.6558, -1.0258, 1.4452, 0.6925, 0.0621, 1.8613, 0.2899, 1.2911, -0.1297, 0.4851, 0.0315, -1.4021, 1.0414, 2.1827, -0.8211, -1.8029, 0.4074, -0.9573, -0.4152, 1.9276, 0.6744, 0.621, 1.2573, 1.393, 1.0804, 0.9547, 2.1296, 2.2459, -0.7653, -0.2353, 2.0839, 1.4423, 1.1455, 1.3955, -1.9792, 0.6317, 0.0358, 2.2943, -1.891, 1.5145, -0.0154, 0.5921, 0.1195, -0.3919, 1.0704, 1.1884, -1.9301]
Score for individual 3 : 31
Genes of individual 4 : [1.9322, 1.9761, 1.4395, 0.6558, -1.0258, 1.4452, 0.6925, 0.0621, 1.8613, 0.2899, 1.2911, -0.1297, 0.4851, 0.0315, -1.4021, 1.0414, 2.1827, -0.8211, -1.8029, 0.4074, -0.9573, -0.4152, 1.9276, 0.6744, 0.621, 1.2573, 1.393, 1.0804, 0.9547, 2.1296, 2.2459, -0.7653, -0.2353, 2.0839, 1.4423, 1.1455, 1.3955, -1.9792, 0.6317, 0.0358, 2.2943, -1.891, 1.5145, -0.0154, 0.5921, 0.1195, -0.3919, 1.0704, 1.1884, -1.9301]
Score for individual 4 : 25
Genes of individual 5 : [-1.9197, -1.9478, 1.6338, -0.3908, 1.7788, -1.8125, -1.1225, 1.6835, -1.6439, 0.9529, 0.111, -1.4716, -1.7565, -1.1033, -0.1177, 1.1294, 1.8256, 0.4967, 0.8052, -1.709, 1.3398, 2.2604, 2.0109, 0.3864, 0.1615, 2.0236, -1.5766, 2.254, -1.099, 2.0137, -1.1599, 1.4478, 1.7266, 2.1778, -0.836, -1.5645, 2.2512, -0.9011, -1.5443, 2.1029, 1.8352, -0.3372, -0.3513, 2.1987, -0.4899, -0.39, 1.7449, -0.4867, 0.8069, 2.1973]
Score for individual 5 : -7

TEST POPULATION AT GENERATION 5

Genes of individual 1 : [1.9322, 1.9761, 1.4395, 0.6558, -1.0258, 1.4452, 0.6925, 0.0621, 1.8613, 0.2899, 1.2911, -0.1297, 0.4851, 0.0315, -1.4021, 1.0414, 2.1827, -0.8211, -1.8029, 0.4074, -0.9573, -0.4152, 1.9276, 0.6744, 0.621, 1.2573, 1.393, 1.0804, 0.9547, 2.1296, 2.2459, -0.7653, -0.2353, 2.0839, 1.4423, 1.1455, 1.3955, -1.9792, 0.6317, 0.0358, 2.2943, -1.891, 1.5145, -0.0154, 0.5921, 0.1195, -0.3919, 1.0704, 1.1884, -1.9301]
Score for individual 1 : 25
Genes of individual 2 : [1.9322, 1.9761, 1.4395, 0.6558, -1.0258, 1.4452, 0.6925, 0.0621, 1.8613, 0.2899, 1.2911, -0.1297, 0.4851, 0.0315, -1.4021, 1.0414, 2.1827, -0.8211, -1.8029, 0.4074, -0.9573, -0.4152, 1.9276, 0.6744, 0.621, 1.2573, 1.393, 1.0804, 0.9547, 2.1296, 2.2459, -0.7653, -0.2353, 2.0839, 1.4423, 1.1455, 1.3955, -1.9792, 0.6317, 0.0358, 2.2943, -1.891, 1.5145, -0.0154, 0.5921, 0.1195, -0.3919, 1.0704, 1.1884, -1.9301]
Score for individual 2 : 19
Genes of individual 3 : [1.9322, 1.9761, 1.4395, 0.6558, -1.0258, 1.4452, 0.6925, 0.0621, 1.8613, 0.2899, 1.2911, -0.1297, 0.4851, 0.0315, -1.4021, 1.0414, 2.1827, -0.8211, -1.8029, 0.4074, -0.9573, -0.4152, 1.9276, 0.6744, 0.621, 1.2573, 1.393, 1.0804, 0.9547, 2.1296, 2.2459, -0.7653, -0.2353, 2.0839, 1.4423, 1.1455, 1.3955, -1.9792, 0.6317, 0.0358, 2.2943, -1.891, 1.5145, -0.0154, 0.5921, 0.1195, -0.3919, 1.0704, 1.1884, -1.9301]
Score for individual 3 : 25
Genes of individual 4 : [1.9322, 1.9761, 1.4395, 0.6558, -1.0258, 1.4452, 0.6925, 0.0621, 1.8613, 0.2899, 1.2911, -0.1297, 0.4851, 0.0315, -1.4021, 1.0414, 2.1827, -0.8211, -1.8029, 0.4074, -0.9573, -0.4152, 1.9276, 0.6744, 0.621, 1.2573, 1.393, 1.0804, 0.9547, 2.1296, 2.2459, -0.7653, -0.2353, 2.0839, 1.4423, 1.1455, 1.3955, -1.9792, 0.6317, 0.0358, 2.2943, -1.891, 1.5145, -0.0154, 0.5921, 0.1195, -0.3919, 1.0704, 1.1884, -1.9301]
Score for individual 4 : 21
Genes of individual 5 : [-1.9197, -1.9478, 1.6338, -0.3908, 1.7788, -1.8125, -1.1225, 1.6835, -1.6439, 0.9529, 0.111, -1.4716, -1.7565, -1.1033, -0.1177, 1.1294, 1.8256, 0.4967, 0.8052, -1.709, 1.3398, 2.2604, 2.0109, 0.3864, 0.1615, 2.0236, -1.5766, 2.254, -1.099, 2.0137, -1.1599, 1.4478, 1.7266, 2.1778, -0.836, -1.5645, 2.2512, -0.9011, -1.5443, 2.1029, 1.8352, -0.3372, -0.3513, 2.1987, -0.4899, -0.39, 1.7449, -0.4867, 0.8069, 2.1973]
Score for individual 5 : -7

SELECTION
Selected parents at indexes: [0, 0]
PARENTS BEFORE CROSSOVER
Parents 1 [1.9322, 1.9761, 1.4395, 0.6558, -1.0258, 1.4452, 0.6925, 0.0621, 1.8613, 0.2899, 1.2911, -0.1297, 0.4851, 0.0315, -1.4021, 1.0414, 2.1827, -0.8211, -1.8029, 0.4074, -0.9573, -0.4152, 1.9276, 0.6744, 0.621, 1.2573, 1.393, 1.0804, 0.9547, 2.1296, 2.2459, -0.7653, -0.2353, 2.0839, 1.4423, 1.1455, 1.3955, -1.9792, 0.6317, 0.0358, 2.2943, -1.891, 1.5145, -0.0154, 0.5921, 0.1195, -0.3919, 1.0704, 1.1884, -1.9301]
Parents 2 [1.9322, 1.9761, 1.4395, 0.6558, -1.0258, 1.4452, 0.6925, 0.0621, 1.8613, 0.2899, 1.2911, -0.1297, 0.4851, 0.0315, -1.4021, 1.0414, 2.1827, -0.8211, -1.8029, 0.4074, -0.9573, -0.4152, 1.9276, 0.6744, 0.621, 1.2573, 1.393, 1.0804, 0.9547, 2.1296, 2.2459, -0.7653, -0.2353, 2.0839, 1.4423, 1.1455, 1.3955, -1.9792, 0.6317, 0.0358, 2.2943, -1.891, 1.5145, -0.0154, 0.5921, 0.1195, -0.3919, 1.0704, 1.1884, -1.9301]
Before crossover
Parent 1: [1.9322, 1.9761, 1.4395, 0.6558, -1.0258, 1.4452, 0.6925, 0.0621, 1.8613, 0.2899, 1.2911, -0.1297, 0.4851, 0.0315, -1.4021, 1.0414, 2.1827, -0.8211, -1.8029, 0.4074, -0.9573, -0.4152, 1.9276, 0.6744, 0.621, 1.2573, 1.393, 1.0804, 0.9547, 2.1296, 2.2459, -0.7653, -0.2353, 2.0839, 1.4423, 1.1455, 1.3955, -1.9792, 0.6317, 0.0358, 2.2943, -1.891, 1.5145, -0.0154, 0.5921, 0.1195, -0.3919, 1.0704, 1.1884, -1.9301]
Parent 2: [1.9322, 1.9761, 1.4395, 0.6558, -1.0258, 1.4452, 0.6925, 0.0621, 1.8613, 0.2899, 1.2911, -0.1297, 0.4851, 0.0315, -1.4021, 1.0414, 2.1827, -0.8211, -1.8029, 0.4074, -0.9573, -0.4152, 1.9276, 0.6744, 0.621, 1.2573, 1.393, 1.0804, 0.9547, 2.1296, 2.2459, -0.7653, -0.2353, 2.0839, 1.4423, 1.1455, 1.3955, -1.9792, 0.6317, 0.0358, 2.2943, -1.891, 1.5145, -0.0154, 0.5921, 0.1195, -0.3919, 1.0704, 1.1884, -1.9301]
Does single point
Random roll: 22
Before two point crossover
Parent 1: [1.9322, 1.9761, 1.4395, 0.6558, -1.0258, 1.4452, 0.6925, 0.0621, 1.8613, 0.2899, 1.2911, -0.1297, 0.4851, 0.0315, -1.4021, 1.0414, 2.1827, -0.8211, -1.8029, 0.4074, -0.9573, -0.4152, 1.9276, 0.6744, 0.621, 1.2573, 1.393, 1.0804, 0.9547, 2.1296, 2.2459, -0.7653, -0.2353, 2.0839, 1.4423, 1.1455, 1.3955, -1.9792, 0.6317, 0.0358, 2.2943, -1.891, 1.5145, -0.0154, 0.5921, 0.1195, -0.3919, 1.0704, 1.1884, -1.9301]
Parent 2: [1.9322, 1.9761, 1.4395, 0.6558, -1.0258, 1.4452, 0.6925, 0.0621, 1.8613, 0.2899, 1.2911, -0.1297, 0.4851, 0.0315, -1.4021, 1.0414, 2.1827, -0.8211, -1.8029, 0.4074, -0.9573, -0.4152, 1.9276, 0.6744, 0.621, 1.2573, 1.393, 1.0804, 0.9547, 2.1296, 2.2459, -0.7653, -0.2353, 2.0839, 1.4423, 1.1455, 1.3955, -1.9792, 0.6317, 0.0358, 2.2943, -1.891, 1.5145, -0.0154, 0.5921, 0.1195, -0.3919, 1.0704, 1.1884, -1.9301]
Random roll: 31
After mutation
Parent1: [1.9322, 1.9761, 1.4395, 0.6558, -1.0258, 1.4452, 0.6925, 0.0621, 1.8613, 0.2899, 1.2911, -0.1297, 0.4851, 0.0315, -1.4021, 1.0414, 2.1827, -0.8211, -1.8029, 0.4074, -0.9573, -0.4152, 1.9276, 0.6744, 0.621, 1.2573, 1.393, 1.0804, 0.9547, 2.1296, 2.2459, -0.6423, -0.2353, 2.0839, 1.4423, 1.1455, 1.3955, -1.9792, 0.6317, 0.0358, 2.2943, -1.891, 1.5145, -0.0154, 0.5921, 0.1195, -0.3919, 1.0704, 1.1884, -1.9301]
Random roll: 21
After mutation
Parent2: [1.9322, 1.9761, 1.4395, 0.6558, -1.0258, 1.4452, 0.6925, 0.0621, 1.8613, 0.2899, 1.2911, -0.1297, 0.4851, 0.0315, -1.4021, 1.0414, 2.1827, -0.8211, -1.8029, 0.4074, -0.9573, -1.325, 1.9276, 0.6744, 0.621, 1.2573, 1.393, 1.0804, 0.9547, 2.1296, 2.2459, -0.6423, -0.2353, 2.0839, 1.4423, 1.1455, 1.3955, -1.9792, 0.6317, 0.0358, 2.2943, -1.891, 1.5145, -0.0154, 0.5921, 0.1195, -0.3919, 1.0704, 1.1884, -1.9301]
Replace parent 1 with individual 5
Individual to be replaced: [-1.9197, -1.9478, 1.6338, -0.3908, 1.7788, -1.8125, -1.1225, 1.6835, -1.6439, 0.9529, 0.111, -1.4716, -1.7565, -1.1033, -0.1177, 1.1294, 1.8256, 0.4967, 0.8052, -1.709, 1.3398, 2.2604, 2.0109, 0.3864, 0.1615, 2.0236, -1.5766, 2.254, -1.099, 2.0137, -1.1599, 1.4478, 1.7266, 2.1778, -0.836, -1.5645, 2.2512, -0.9011, -1.5443, 2.1029, 1.8352, -0.3372, -0.3513, 2.1987, -0.4899, -0.39, 1.7449, -0.4867, 0.8069, 2.1973]
Parent 1: [1.9322, 1.9761, 1.4395, 0.6558, -1.0258, 1.4452, 0.6925, 0.0621, 1.8613, 0.2899, 1.2911, -0.1297, 0.4851, 0.0315, -1.4021, 1.0414, 2.1827, -0.8211, -1.8029, 0.4074, -0.9573, -1.325, 1.9276, 0.6744, 0.621, 1.2573, 1.393, 1.0804, 0.9547, 2.1296, 2.2459, -0.6423, -0.2353, 2.0839, 1.4423, 1.1455, 1.3955, -1.9792, 0.6317, 0.0358, 2.2943, -1.891, 1.5145, -0.0154, 0.5921, 0.1195, -0.3919, 1.0704, 1.1884, -1.9301]
New Individual: [1.9322, 1.9761, 1.4395, 0.6558, -1.0258, 1.4452, 0.6925, 0.0621, 1.8613, 0.2899, 1.2911, -0.1297, 0.4851, 0.0315, -1.4021, 1.0414, 2.1827, -0.8211, -1.8029, 0.4074, -0.9573, -1.325, 1.9276, 0.6744, 0.621, 1.2573, 1.393, 1.0804, 0.9547, 2.1296, 2.2459, -0.6423, -0.2353, 2.0839, 1.4423, 1.1455, 1.3955, -1.9792, 0.6317, 0.0358, 2.2943, -1.891, 1.5145, -0.0154, 0.5921, 0.1195, -0.3919, 1.0704, 1.1884, -1.9301]
Replace parent 2 with individual 2
Individual to be replaced: [1.9322, 1.9761, 1.4395, 0.6558, -1.0258, 1.4452, 0.6925, 0.0621, 1.8613, 0.2899, 1.2911, -0.1297, 0.4851, 0.0315, -1.4021, 1.0414, 2.1827, -0.8211, -1.8029, 0.4074, -0.9573, -1.325, 1.9276, 0.6744, 0.621, 1.2573, 1.393, 1.0804, 0.9547, 2.1296, 2.2459, -0.6423, -0.2353, 2.0839, 1.4423, 1.1455, 1.3955, -1.9792, 0.6317, 0.0358, 2.2943, -1.891, 1.5145, -0.0154, 0.5921, 0.1195, -0.3919, 1.0704, 1.1884, -1.9301]
Parent 2 [1.9322, 1.9761, 1.4395, 0.6558, -1.0258, 1.4452, 0.6925, 0.0621, 1.8613, 0.2899, 1.2911, -0.1297, 0.4851, 0.0315, -1.4021, 1.0414, 2.1827, -0.8211, -1.8029, 0.4074, -0.9573, -1.325, 1.9276, 0.6744, 0.621, 1.2573, 1.393, 1.0804, 0.9547, 2.1296, 2.2459, -0.6423, -0.2353, 2.0839, 1.4423, 1.1455, 1.3955, -1.9792, 0.6317, 0.0358, 2.2943, -1.891, 1.5145, -0.0154, 0.5921, 0.1195, -0.3919, 1.0704, 1.1884, -1.9301]
New Individual: [1.9322, 1.9761, 1.4395, 0.6558, -1.0258, 1.4452, 0.6925, 0.0621, 1.8613, 0.2899, 1.2911, -0.1297, 0.4851, 0.0315, -1.4021, 1.0414, 2.1827, -0.8211, -1.8029, 0.4074, -0.9573, -1.325, 1.9276, 0.6744, 0.621, 1.2573, 1.393, 1.0804, 0.9547, 2.1296, 2.2459, -0.6423, -0.2353, 2.0839, 1.4423, 1.1455, 1.3955, -1.9792, 0.6317, 0.0358, 2.2943, -1.891, 1.5145, -0.0154, 0.5921, 0.1195, -0.3919, 1.0704, 1.1884, -1.9301]
RESULT OF GENERATION 5

Genes of individual 1 : [1.9322, 1.9761, 1.4395, 0.6558, -1.0258, 1.4452, 0.6925, 0.0621, 1.8613, 0.2899, 1.2911, -0.1297, 0.4851, 0.0315, -1.4021, 1.0414, 2.1827, -0.8211, -1.8029, 0.4074, -0.9573, -1.325, 1.9276, 0.6744, 0.621, 1.2573, 1.393, 1.0804, 0.9547, 2.1296, 2.2459, -0.6423, -0.2353, 2.0839, 1.4423, 1.1455, 1.3955, -1.9792, 0.6317, 0.0358, 2.2943, -1.891, 1.5145, -0.0154, 0.5921, 0.1195, -0.3919, 1.0704, 1.1884, -1.9301]
Score for individual 1 : 25
Genes of individual 2 : [1.9322, 1.9761, 1.4395, 0.6558, -1.0258, 1.4452, 0.6925, 0.0621, 1.8613, 0.2899, 1.2911, -0.1297, 0.4851, 0.0315, -1.4021, 1.0414, 2.1827, -0.8211, -1.8029, 0.4074, -0.9573, -1.325, 1.9276, 0.6744, 0.621, 1.2573, 1.393, 1.0804, 0.9547, 2.1296, 2.2459, -0.6423, -0.2353, 2.0839, 1.4423, 1.1455, 1.3955, -1.9792, 0.6317, 0.0358, 2.2943, -1.891, 1.5145, -0.0154, 0.5921, 0.1195, -0.3919, 1.0704, 1.1884, -1.9301]
Score for individual 2 : 23
Genes of individual 3 : [1.9322, 1.9761, 1.4395, 0.6558, -1.0258, 1.4452, 0.6925, 0.0621, 1.8613, 0.2899, 1.2911, -0.1297, 0.4851, 0.0315, -1.4021, 1.0414, 2.1827, -0.8211, -1.8029, 0.4074, -0.9573, -1.325, 1.9276, 0.6744, 0.621, 1.2573, 1.393, 1.0804, 0.9547, 2.1296, 2.2459, -0.6423, -0.2353, 2.0839, 1.4423, 1.1455, 1.3955, -1.9792, 0.6317, 0.0358, 2.2943, -1.891, 1.5145, -0.0154, 0.5921, 0.1195, -0.3919, 1.0704, 1.1884, -1.9301]
Score for individual 3 : 25
Genes of individual 4 : [1.9322, 1.9761, 1.4395, 0.6558, -1.0258, 1.4452, 0.6925, 0.0621, 1.8613, 0.2899, 1.2911, -0.1297, 0.4851, 0.0315, -1.4021, 1.0414, 2.1827, -0.8211, -1.8029, 0.4074, -0.9573, -1.325, 1.9276, 0.6744, 0.621, 1.2573, 1.393, 1.0804, 0.9547, 2.1296, 2.2459, -0.6423, -0.2353, 2.0839, 1.4423, 1.1455, 1.3955, -1.9792, 0.6317, 0.0358, 2.2943, -1.891, 1.5145, -0.0154, 0.5921, 0.1195, -0.3919, 1.0704, 1.1884, -1.9301]
Score for individual 4 : 21
Genes of individual 5 : [1.9322, 1.9761, 1.4395, 0.6558, -1.0258, 1.4452, 0.6925, 0.0621, 1.8613, 0.2899, 1.2911, -0.1297, 0.4851, 0.0315, -1.4021, 1.0414, 2.1827, -0.8211, -1.8029, 0.4074, -0.9573, -1.325, 1.9276, 0.6744, 0.621, 1.2573, 1.393, 1.0804, 0.9547, 2.1296, 2.2459, -0.6423, -0.2353, 2.0839, 1.4423, 1.1455, 1.3955, -1.9792, 0.6317, 0.0358, 2.2943, -1.891, 1.5145, -0.0154, 0.5921, 0.1195, -0.3919, 1.0704, 1.1884, -1.9301]
Score for individual 5 : 35

GA run complete
